Entity,Year,"Human muscle (Energy History, Harvard (2016))","Animal muscle (Energy History, Harvard (2016))","Fuelwood (Energy History, Harvard (2016))","Water & Wind (Energy History, Harvard (2016))","Coal (Energy History, Harvard (2016))","Oil (Energy History, Harvard (2016))","Natural Gas (Energy History, Harvard (2016))","Primary electricity (Energy History, Harvard (2016))"
Canada,1800,7.268340449,3.116863738,88.47977151,,1.135024303,,,
Canada,1801,7.268597898,3.116974139,88.48586164,,1.128566319,,,
Canada,1802,7.266850344,3.11622474,88.47219476,,1.144730154,,,
Canada,1803,7.264741531,3.115320423,88.45887036,,1.161067691,,,
Canada,1804,7.262264861,3.114258359,88.44589813,,1.177578648,,,
Canada,1805,7.259413722,3.113035712,88.43328791,,1.194262656,,,
Canada,1806,7.25618149,3.111649642,88.42104962,,1.21111925,,,
Canada,1807,7.217794457,3.09518823,88.42346974,,1.263547572,,,
Canada,1808,7.176889945,3.077647253,88.42771685,,1.31774595,,,
Canada,1809,7.133403472,3.058999061,88.43387023,,1.373727237,,,
Canada,1810,7.087273902,3.039217436,88.44200899,,1.431499677,,,
Canada,1811,7.038444008,3.018277838,88.45221165,,1.491066503,,,
Canada,1812,6.986861064,2.996157657,88.46455574,,1.552425535,,,
Canada,1813,6.932477449,2.972836471,88.4791173,,1.615568782,,,
Canada,1814,6.875251269,2.948296316,88.49597036,,1.680482053,,,
Canada,1815,6.807440719,2.919217292,88.51882442,,1.754517574,,,
Canada,1816,6.736163893,2.888651834,88.54449326,,1.830691016,,,
Canada,1817,6.661398054,2.856590192,88.57305389,,1.908957861,,,
Canada,1818,6.583132561,2.823027802,88.60457709,,1.989262551,,,
Canada,1819,6.501369769,2.787965674,88.63912646,,2.071538097,,,
Canada,1820,6.416125882,2.751410757,88.67675759,,2.155705768,,,
Canada,1821,6.327431716,2.713376266,88.71751714,,2.241674882,,,
Canada,1822,6.235333375,2.673881972,88.76144196,,2.329342697,,,
Canada,1823,6.38765329,2.739200929,88.67715428,,2.195991503,,,
Canada,1824,6.536325885,2.802955816,88.59277499,,2.067943304,,,
Canada,1825,6.681188287,2.865076787,88.50849017,,1.945244754,,,
Canada,1826,7.601865079,2.836399531,87.62867048,,1.933064912,,,
Canada,1827,9.889041781,2.765727748,85.45319399,,1.892036481,,,
Canada,1828,6.770229266,2.821675227,88.37159602,,2.036499491,,,
Canada,1829,6.677623716,2.783079373,88.42015484,,2.119142076,,,
Canada,1830,6.569548984,2.73803632,88.31359113,0.179288506,2.199535057,,,
Canada,1831,5.340869277,2.781397184,89.35574684,0.164702765,2.357283931,,,
Canada,1832,6.664760254,2.777718178,87.99194104,0.165013141,2.400567389,,,
Canada,1833,6.742780441,2.810235191,87.80296409,0.167480978,2.476539305,,,
Canada,1834,6.819815396,2.842341581,87.61312381,0.170514735,2.554204476,,,
Canada,1835,6.89420744,2.873346467,87.40170078,0.197785532,2.632959782,,,
Canada,1836,6.969512935,2.904732059,87.21426781,0.19730409,2.714183106,,,
Canada,1837,7.0439389,2.935751082,87.02795952,0.195114357,2.797236141,,,
Canada,1838,7.116842709,2.966135707,86.83507169,0.200057546,2.881892349,,,
Canada,1839,7.188703117,2.996085465,86.64176854,0.205074679,2.968368203,,,
Canada,1840,7.258441457,3.025150795,86.43534695,0.224820931,3.056239869,,,
Canada,1841,7.328886374,3.05451061,86.2496611,0.220216248,3.14672567,,,
Canada,1842,7.39867057,3.083595051,86.06816652,0.210265997,3.239301865,,,
Canada,1843,7.467135242,3.112129546,85.88320578,0.203813551,3.333715879,,,
Canada,1844,7.535251935,3.140519011,85.70598742,0.187806755,3.430434881,,,
Canada,1845,7.600565628,3.16774025,85.5086621,0.194661767,3.528370252,,,
Canada,1846,7.663966091,3.194164099,85.30178418,0.212157718,3.627927913,,,
Canada,1847,7.726136944,3.220075475,85.09316811,0.231173567,3.729445905,,,
Canada,1848,7.784725185,3.244493701,84.85718567,0.281802515,3.831792934,,,
Canada,1849,8.008747259,3.337860928,84.83140536,0.207931258,3.614055191,,,
Canada,1850,8.213331284,3.423126826,84.77790816,0.187652479,3.39798125,,,
Canada,1851,8.403056497,3.502199914,84.73868497,0.168850914,3.187207706,,,
Canada,1852,7.351305985,3.55904801,85.55139024,0.194267785,3.343987979,,,
Canada,1853,7.21285042,3.581944065,85.54360781,0.186947523,3.474650187,,,
Canada,1854,7.074681798,3.603805239,85.51221403,0.200065027,3.609233901,,,
Canada,1855,6.939296703,3.625871305,85.4868435,0.198884143,3.749104349,,,
Canada,1856,6.804347106,3.646917304,85.43863487,0.21693863,3.893162091,,,
Canada,1857,6.672489808,3.668342707,85.40054917,0.215579608,4.043038711,,,
Canada,1858,6.543316099,3.689966396,85.36815566,0.199794256,4.198767588,,,
Canada,1859,6.415065157,3.710804795,85.31868271,0.196024837,4.3594225,,,
Canada,1860,6.287698061,3.730793772,85.25092764,0.205529065,4.525051462,,,
Canada,1861,9.235608386,3.627858521,82.39271711,0.200906867,4.542909121,,,
Canada,1862,9.118517046,3.639677818,82.27023288,0.205131088,4.766441171,,,
Canada,1863,8.998819049,3.649876263,82.11056572,0.24203952,4.998699447,,,
Canada,1864,8.879981963,3.659810518,81.94460066,0.273751023,5.24185584,,,
Canada,1865,8.764441532,3.670495199,81.7950209,0.272118509,5.497923856,,,
Canada,1866,8.649339529,3.680757898,81.63557498,0.268536519,5.765791073,,,
Canada,1867,8.52888585,3.68808145,81.41082176,0.33036369,6.041847246,,,
Canada,1868,8.424384601,3.698972515,81.27052934,0.264246866,6.341866679,,,
Canada,1869,8.304976926,3.708228032,81.0818557,0.261104377,6.643834962,,,
Canada,1870,8.251398679,3.751979263,81.69882929,0.279107831,7.014705779,,,
Canada,1871,8.255447856,3.726056276,81.5358687,0.292404537,7.263449149,,,
Canada,1872,8.316412198,3.72568094,81.13437492,0.308548041,7.572837568,,,
Canada,1873,8.319348004,3.704971836,80.92838105,0.323310193,7.840293116,,,
Canada,1874,8.521218423,3.768209866,79.92205338,0.348476623,8.311225747,,,
Canada,1875,8.590262811,3.761354852,79.48809603,0.356615015,8.671419664,,,
Canada,1876,8.790417815,3.806466697,78.51980672,0.37227645,9.183614499,,,
Canada,1877,8.826462514,3.779132418,78.20517872,0.378936276,9.543576988,,,
Canada,1878,9.074403985,3.84186698,77.01152364,0.386528478,10.15460379,,,
Canada,1879,9.185876298,3.853171344,76.33318256,0.381380741,10.63863329,,,
Canada,1880,9.144065427,3.803789059,75.79176779,0.364605714,10.96036316,0.411841005,,
Canada,1881,9.200309697,3.794384722,75.06734765,0.357622505,11.57511251,0.447868078,,
Canada,1882,9.113535752,3.708455161,73.55635569,0.332318565,13.27694119,0.502380679,,
Canada,1883,9.124320272,3.666971963,72.10875966,0.326224716,14.63529277,0.578199518,,
Canada,1884,9.119931273,3.620981001,70.12012152,0.314616457,16.52298785,0.633026261,,
Canada,1885,9.397332324,3.679825669,70.25748398,0.311945667,15.90589734,0.692777193,,
Canada,1886,9.630800963,3.713274321,69.14015982,0.307018033,16.72696916,0.701209763,,
Canada,1887,9.636623374,3.660453817,66.69321783,0.27810194,19.26073651,0.692958112,,
Canada,1888,9.841994988,3.687423706,65.54908543,0.267084087,20.16482537,0.698975232,,
Canada,1889,10.10705293,3.733780724,64.530003,0.255455349,20.83890322,0.708924095,,
Canada,1890,10.22598081,3.723678936,62.5343556,0.248546426,22.69702707,0.708397013,,
Canada,1891,10.12589142,3.678467184,60.41871861,0.237970279,24.99468784,0.700668989,,
Canada,1892,10.36068188,3.751271422,59.97217669,0.230318203,25.11704712,0.71610359,,
Canada,1893,10.3978465,3.750320901,58.4597309,0.21581728,26.61217501,0.717858416,,
Canada,1894,10.77542337,3.871266734,58.62184335,0.210253793,25.92101772,0.743083502,,
Canada,1895,11.13563967,3.983830766,58.8100444,0.20355115,25.26276281,0.767054688,,
Canada,1896,11.16621743,3.978380989,56.94024169,0.192441535,27.09852122,0.768289895,,
Canada,1897,11.40192838,4.045333319,56.13463688,0.179713704,27.58935687,0.783619495,,
Canada,1898,11.4581347,4.051793532,54.64679559,0.168912322,29.03427697,0.786590557,,
Canada,1899,10.99799639,3.880966454,50.71943286,0.156609972,33.62832694,0.754147438,,
Canada,1900,10.92658623,3.851576535,48.99543959,0.149317772,35.4347464,0.65136471,,0.158483624
Canada,1901,10.53368571,3.711234013,45.8791245,0.140964902,39.15814339,0.542879631,,0.172495987
Canada,1902,10.3367116,3.674857358,44.38435993,0.135740331,40.9694515,0.45639764,,0.191108403
Canada,1903,10.08258099,3.637081721,42.63274669,0.127717331,42.99606528,0.439156496,,0.210459167
Canada,1904,9.442427508,3.464745271,39.38483222,0.124368113,46.9979751,0.463459327,,0.222524858
Canada,1905,9.24688005,3.447628396,38.07750768,0,48.16267312,0.913327125,,0.246030438
Canada,1906,9.127744095,3.410322774,36.65132597,0,49.84336771,0.791167835,,0.274192655
Canada,1907,8.573714637,3.139587337,32.67623548,0,54.70205988,0.712197813,,0.274748583
Canada,1908,9.033286703,3.202369967,32.26671,0,54.51201618,0.746308362,,0.310374787
Canada,1909,9.496139553,3.338072399,32.61248067,0,53.45875856,0.809255808,,0.360744564
Canada,1910,9.401279503,3.189148138,30.14332002,0,55.90092648,1.050109928,,0.383837053
Canada,1911,8.906256915,2.970842277,27.17298415,0,58.262902,1.199998163,1.1556498,0.39679146
Canada,1912,8.599634357,2.837293058,24.95887097,0,60.06069852,1.756104913,1.412485548,0.423026833
Canada,1913,8.067051318,2.619772066,22.16408494,0,62.98309736,2.076316985,1.692433692,0.432799426
Canada,1914,9.347438388,2.960998972,24.05968829,0,58.67888435,2.478609614,1.962843846,0.54230153
Canada,1915,10.4054147,3.206969188,25.07367036,0,55.82525859,2.912366833,1.946931911,0.663625849
Canada,1916,9.331628359,2.835892575,21.05299514,0,61.49437945,2.441839845,2.173312969,0.669951657
Canada,1917,8.947906638,2.702636188,19.22774247,0,64.47759383,1.705932758,2.212813004,0.725375111
Canada,1918,9.033597883,2.64619578,18.00767013,0,65.58950374,2.344149217,1.574814471,0.80406878
Canada,1919,10.335735,2.99944951,19.48380273,0,60.96847602,3.457414558,1.732482449,1.022639738
Canada,1920,9.415463552,2.846813818,17.61172656,0,64.09770507,3.599723036,1.349534725,1.079033241
Canada,1921,9.791160038,2.99839983,18.90175898,0,62.04966122,3.836173557,1.156483486,1.266362887
Canada,1922,10.55733169,3.330426338,20.85353093,0,57.06367483,5.185449051,1.320071472,1.689515685
Canada,1923,8.49370138,2.755379593,17.21653643,0,64.39793438,4.339684886,1.175210661,1.621552674
Canada,1924,9.684032735,3.14739136,19.53639264,0,59.04793385,5.185880514,1.23336927,2.164999634
Canada,1925,9.686422707,3.234571609,19.84115466,0,57.90000196,5.505538099,1.421733315,2.410577649
Canada,1926,8.989558338,3.040771177,18.58256327,0,59.73750341,5.477479885,1.49716409,2.674959834
Canada,1927,8.179600111,2.822122566,17.4442983,0,60.55185103,6.237827352,1.543486135,3.220814514
Canada,1928,8.083489321,2.791304802,17.65258553,0,58.53641043,7.584746493,1.628497338,3.722966078
Canada,1929,7.726820349,2.755841113,17.11148439,0,57.54226815,8.915222116,1.954781532,3.99358235
Canada,1930,7.608001724,2.721026323,18.07971011,0,54.91439687,10.61875208,2.038979892,4.019133005
Canada,1931,8.599231676,3.280219074,21.1507371,0,48.14867916,12.46943234,2.078175217,4.273525439
Canada,1932,9.302757486,3.705802894,19.03995159,0,49.2458561,11.86828606,2.056635604,4.780710268
Canada,1933,8.992725031,3.570952789,19.41512594,0,48.1923874,12.73561246,2.035864894,5.057331488
Canada,1934,7.985541844,3.220762704,17.72302963,0,50.51343353,13.1574361,1.844301563,5.555494625
Canada,1935,7.94921732,3.349224353,17.87626474,0,48.64888807,14.12255584,1.978654036,6.075195645
Canada,1936,7.563279402,3.18507514,17.32538323,0,51.20296924,12.24206854,2.148724468,6.332499983
Canada,1937,6.87875079,2.931379091,16.09479963,0,50.83500514,15.15838431,2.275511102,5.826169932
Canada,1938,7.024307049,3.424508917,17.03297765,0,47.66293572,15.9780111,2.466116878,6.411142692
Canada,1939,6.502566729,3.04010788,15.9539323,0,49.78629747,15.84582888,2.407775138,6.463491606
Canada,1940,6.144104952,3.071117476,11.57724309,0,53.15306078,16.953121,2.647588417,6.453764286
Canada,1941,5.549308093,2.890945977,12.83010896,0,52.83908906,16.96417984,2.516394872,6.409973202
Canada,1942,5.125975658,2.759107521,12.04912871,0,55.69238575,15.16145769,2.448768336,6.763176343
Canada,1943,4.722429924,2.699079251,12.13624864,0,55.38807343,15.86113998,2.270628046,6.92240073
Canada,1944,4.492753026,2.646712104,11.61383011,0,54.58173692,17.59508118,2.297285633,6.772601023
Canada,1945,4.392639553,2.881834766,12.46504205,0,52.54988663,18.09389247,2.612918409,7.003786134
Canada,1946,3.643070961,2.644177174,12.05039096,0,53.25584111,18.86089882,2.479671429,7.065949543
Canada,1947,3.200711831,2.509426525,11.93953672,0,52.78257997,19.59767708,2.642397389,7.327670493
Canada,1948,2.761504232,2.376259085,11.42674631,0,52.65754875,21.12189571,2.743515128,6.912530789
Canada,1949,2.658812205,2.642701481,12.49405204,0,47.35158625,24.02531489,3.010293772,7.817239364
Canada,1950,2.204173519,2.441960395,11.56817813,0,48.17835595,24.71874936,3.15431904,7.734263601
Canada,1951,1.816243973,2.390364665,11.06687125,0,44.78676297,28.3256939,3.488827744,8.1252355
Canada,1952,1.636560521,2.433600314,11.35145764,0,41.75550383,30.4900328,3.606292315,8.726552584
Canada,1953,1.438612228,2.477884874,11.39959261,0,38.03560573,33.53270746,4.002758691,9.112838403
Canada,1954,1.251060806,2.596486486,11.72476075,0,33.20558692,36.66053488,4.923996361,9.637573796
Canada,1955,1.100598239,2.561821652,6.548704507,0,32.19641864,41.4760485,5.991573831,10.12483463
Canada,1956,0.949815985,2.474733499,3.463678938,0,32.16849002,44.56392121,6.409847086,9.969513261
Canada,1957,0.885626918,2.546526265,3.403429622,0,28.5054249,45.48992013,8.676210736,10.49286143
Canada,1958,0.837362695,2.650155749,3.228858265,0,23.68347369,46.93607127,11.01028776,11.65379057
Canada,1959,0.707109645,2.534447038,2.866659529,0,20.81670564,49.12439432,12.27117402,11.67950981
Canada,1960,0.623339389,2.505722097,2.638894341,0,19.23528906,47.99591225,14.88089404,12.11994882
Canada,1961,0.578289366,2.52160971,2.636252655,0,17.81194159,50.55060774,13.5719997,12.32929925
Canada,1962,0.518507167,2.443498797,2.898788729,0,17.25802463,49.41924325,15.09174714,12.37019029
Canada,1963,0.462522001,2.414507999,2.088907601,0,16.93354641,50.0227935,15.84133583,12.23638666
Canada,1964,0.423601208,2.329636534,1.862797507,0,17.75928298,48.46919619,16.2283043,12.92718129
Canada,1965,0.370779557,2.291977163,1.621253267,0,17.92790011,47.0101388,17.75360116,13.02434995
Canada,1966,0.332724919,2.146015529,1.518931372,0,16.49573547,47.17074307,18.79690926,13.53894038
Canada,1967,0.31102419,2.164640782,1.403125031,0,15.7995369,47.26848667,19.36661115,13.68657528
Canada,1968,0.281220837,2.083896881,1.28077144,0,15.06309397,47.16238862,20.56378317,13.56484508
Canada,1969,0.268119296,2.025196452,1.201258845,0,14.42950159,46.25763338,21.919467,13.89882345
Canada,1970,0.246179412,1.908066593,0.60512019,0,15.49747704,45.403147,22.67752971,13.66248005
Canada,1971,0.232565608,1.864655447,0.526902741,0,13.73770891,47.34318102,22.58461973,13.71036655
Canada,1972,0.209701057,1.743653423,0.435511705,0,13.64795859,46.74045954,23.5995923,13.62312339
Canada,1973,0.1928269,1.639045995,0.419414839,0,11.05357959,48.65003374,24.24295041,13.80214852
Canada,1974,0.178095293,1.760528417,0.449397326,0,10.90192963,44.72702691,26.34928903,15.63373339
Canada,1975,0.166831913,1.59736819,0.433243696,0,12.34555107,47.15372436,24.31657944,13.98670133
Canada,1976,0.16806174,1.648544799,0.444541425,0,12.01107135,47.18784229,24.19314506,14.34679334
Canada,1977,0.157803129,1.536093381,0.388786732,0,11.28013348,50.11734963,22.76091014,13.7589235
Canada,1978,0.165777564,1.541149403,0.440604192,0,11.00978308,49.57826608,23.05670163,14.20771804
Canada,1979,0.162620178,1.44381119,0.442055595,0,12.24619256,50.19650525,21.80937758,13.69943765
Canada,1980,0.173320426,1.469612033,0.458591384,0,12.49225969,49.65834893,21.69568289,14.05218464
Canada,1981,0.185869827,1.505146693,0.555031018,0,13.33851381,46.28895928,22.12547757,16.0010018
Canada,1982,0.190737689,1.62205669,0.601053156,0,15.12011257,41.79229712,23.58714778,17.08659499
Canada,1983,0.173246144,1.54722213,0.608804679,0,14.10365547,36.42766352,30.98975052,16.14965753
Canada,1984,0.16003432,1.500934703,0.614690201,0,15.82452544,34.90679556,30.63948955,16.35353022
Canada,1985,0.165962153,1.634621874,0.65409576,0,16.17589203,35.44615124,27.69420739,18.22906956
Canada,1986,0.165055222,1.707249898,0.680526635,0,15.01550653,35.43328963,27.74321203,19.25516005
Canada,1987,0.165252305,1.61683529,0.625096662,0,15.68456302,36.0595413,26.68220814,19.16650328
Canada,1988,0.161080844,1.509871998,0.553089835,0,16.86768765,34.53836584,27.54984905,18.82005479
Canada,1989,0.163551832,1.465729246,0.531080986,0,15.20808481,34.67765959,29.21142579,18.74246775
Canada,1990,0.171702803,1.481417441,0.541271982,0,15.19145867,35.61752751,28.45388287,18.54273871
Canada,1991,0.183816297,1.532545774,0.677048545,0,15.10193313,34.10154983,29.12557953,19.27752689
Canada,1992,0.18099848,1.52354139,0.564608959,0,15.21170297,32.50063866,31.08377673,18.93473281
Canada,1993,0.175134894,1.527489705,0.546646748,0,13.87231502,33.09029675,32.31923381,18.46888307
Canada,1994,0.171760497,1.537826428,0.487276769,0,13.83686887,33.20338197,32.52443934,18.23844612
Canada,1995,0.171035375,1.536879603,0.427626855,0,13.76128095,31.9804016,33.71178485,18.41099077
Canada,1996,0.163959598,1.527547343,0.339386501,0,13.83854152,32.12145879,34.03364562,17.97546063
Canada,1997,0.160276337,1.557887589,0.276202782,0,14.3130012,33.11722395,32.88790438,17.68750376
Canada,1998,0.169462997,1.683777902,0.243127699,0,11.92439766,34.38005455,32.97287049,18.62630871
Canada,1999,0.162859478,1.635162529,0.194524144,0,14.97576675,33.47506343,31.25798837,18.2986353
Canada,2000,0.163209004,1.656468927,0.162295138,0,10.58882575,34.63936055,33.88045002,18.90939062
Canada,2001,0.152492516,1.543289171,0.151638655,0,15.43583069,33.14009097,33.35089392,16.22576408
Canada,2002,0.164097292,1.655997938,0.163178452,0,17.49084074,35.7414393,30.94915535,13.83529093
Canada,2003,0.152066907,1.530215835,0.15121543,0,14.44635621,34.67150134,32.33418332,16.71446097
Canada,2004,0.147491241,1.479938971,0.146665384,0,16.95281672,34.04282659,30.90210447,16.32815662
Canada,2005,0.150641886,1.50724177,0.149798387,0,15.755369,34.47697659,30.88795785,17.07201452
Canada,2006,0.157888096,1.57614263,0.157004023,0,15.38944555,33.55720682,31.6417774,17.52053548
Canada,2007,0.150127358,1.511749607,0.149286741,0,15.7633726,32.72029123,32.6021163,17.10305616
Canada,2008,0.156716377,1.559555644,0.155838865,0,14.694465,32.6244444,32.91959325,17.88938646
Canada,2009,0.166374822,1.67350146,0.165443229,0,13.0163831,33.46299589,34.20904149,17.30626
Canada,2010,0.17119736,1.722044033,0.170238764,0,10.12078511,35.05706887,34.72380948,18.03485638
England & Wales,1800,8.6,7.2,4.3,2.5,77.5,0,0,0
England & Wales,1801,8.3,7,4.1,2.6,78,0,0,0
England & Wales,1802,8.2,6.9,3.9,2.6,78.3,0,0,0
England & Wales,1803,8.1,6.7,3.8,2.7,78.7,0,0,0
England & Wales,1804,7.9,6.6,3.6,2.7,79.2,0,0,0
England & Wales,1805,7.9,6.4,3.4,2.7,79.6,0,0,0
England & Wales,1806,7.8,6.3,3.3,2.6,80,0,0,0
England & Wales,1807,7.6,6.1,3.1,2.6,80.5,0,0,0
England & Wales,1808,7.6,6,3,2.6,80.9,0,0,0
England & Wales,1809,7.4,5.9,2.9,2.5,81.3,0,0,0
England & Wales,1810,7.3,5.7,2.7,2.5,81.7,0,0,0
England & Wales,1811,7.2,5.6,2.6,2.5,82.1,0,0,0
England & Wales,1812,7.1,5.6,2.5,2.5,82.3,0,0,0
England & Wales,1813,7.1,5.4,2.4,2.5,82.6,0,0,0
England & Wales,1814,7.1,5.4,2.3,2.5,82.8,0,0,0
England & Wales,1815,7,5.4,2.2,2.5,82.9,0,0,0
England & Wales,1816,7,5.3,2.1,2.5,83.1,0,0,0
England & Wales,1817,6.9,5.3,2,2.4,83.5,0,0,0
England & Wales,1818,6.9,5.2,1.9,2.4,83.7,0,0,0
England & Wales,1819,6.8,5.1,1.8,2.3,84,0,0,0
England & Wales,1820,6.7,5.1,1.7,2.3,84.2,0,0,0
England & Wales,1821,6.7,5,1.6,2.2,84.5,0,0,0
England & Wales,1822,6.7,5,1.5,2.1,84.7,0,0,0
England & Wales,1823,6.6,4.9,1.4,2.1,85,0,0,0
England & Wales,1824,6.6,4.9,1.4,2.1,85.1,0,0,0
England & Wales,1825,6.5,4.9,1.3,2,85.3,0,0,0
England & Wales,1826,6.5,4.8,1.2,2,85.5,0,0,0
England & Wales,1827,6.4,4.8,1.1,1.8,85.8,0,0,0
England & Wales,1828,6.4,4.8,1.1,1.8,86,0,0,0
England & Wales,1829,6.2,4.6,1,1.7,86.4,0,0,0
England & Wales,1830,6.2,4.6,0.9,1.7,86.6,0,0,0
England & Wales,1831,6.1,4.6,0.9,1.7,86.7,0,0,0
England & Wales,1832,6.1,4.6,0.8,1.7,86.8,0,0,0
England & Wales,1833,6,4.5,0.7,1.7,87.2,0,0,0
England & Wales,1834,5.8,4.4,0.7,1.6,87.5,0,0,0
England & Wales,1835,5.7,4.3,0.6,1.6,87.8,0,0,0
England & Wales,1836,5.6,4.2,0.6,1.6,88,0,0,0
England & Wales,1837,5.5,4.1,0.5,1.5,88.3,0,0,0
England & Wales,1838,5.4,4,0.5,1.5,88.5,0,0,0
England & Wales,1839,5.3,4,0.4,1.6,88.7,0,0,0
England & Wales,1840,5.2,3.9,0.4,1.6,88.9,0,0,0
England & Wales,1841,5.2,3.8,0.3,1.7,89,0,0,0
England & Wales,1842,5.1,3.8,0.3,1.7,89.2,0,0,0
England & Wales,1843,4.9,3.6,0.2,1.6,89.7,0,0,0
England & Wales,1844,4.7,3.5,0.2,1.5,90.1,0,0,0
England & Wales,1845,4.6,3.4,0.1,1.5,90.3,0,0,0
England & Wales,1846,4.4,3.3,0.1,1.5,90.7,0,0,0
England & Wales,1847,4.3,3.2,0.1,1.5,91,0,0,0
England & Wales,1848,4.2,3.1,0.1,1.4,91.2,0,0,0
England & Wales,1849,4,3,0,1.4,91.5,0,0,0
England & Wales,1850,3.9,2.9,0,1.4,91.7,0,0,0
England & Wales,1851,3.9,2.9,0,0,93.2,0,0,0
England & Wales,1852,3.8,2.8,0,0,93.4,0,0,0
England & Wales,1853,3.7,2.7,0,0,93.5,0,0,0
England & Wales,1854,3.7,2.7,0,0,93.7,0,0,0
England & Wales,1855,3.6,2.6,0,0,93.8,0,0,0
England & Wales,1856,3.5,2.6,0,0,93.8,0,0,0
England & Wales,1857,3.5,2.6,0,0,93.9,0,0,0
England & Wales,1858,3.4,2.5,0,0,94.1,0,0,0
England & Wales,1859,3.3,2.5,0,0,94.2,0,0,0
England & Wales,1860,3.3,2.4,0,0,94.3,0,0,0
England & Wales,1861,3.2,2.4,0,0,94.4,0,0,0
England & Wales,1862,3.2,2.3,0,0,94.5,0,0,0
England & Wales,1863,3.2,2.4,0,0,94.4,0,0,0
England & Wales,1864,3,2.3,0,0,94.7,0,0,0
England & Wales,1865,3,2.2,0,0,94.8,0,0,0
England & Wales,1866,2.9,2.2,0,0,94.9,0,0,0
England & Wales,1867,3,2.2,0,0,94.7,0,0,0
England & Wales,1868,2.9,2.1,0,0,94.9,0,0,0
England & Wales,1869,2.9,2.1,0,0,95,0,0,0
England & Wales,1870,2.7,2,0,0,95.3,0,0,0
England & Wales,1871,2.6,1.9,0,0,95.4,0,0,0
England & Wales,1872,2.5,1.9,0,0,95.6,0,0,0
England & Wales,1873,2.6,1.9,0,0,95.4,0.1,0,0
England & Wales,1874,2.5,1.9,0,0,95.5,0.1,0,0
England & Wales,1875,2.5,1.9,0,0,95.5,0.1,0,0
England & Wales,1876,2.6,1.9,0,0,95.4,0.1,0,0
England & Wales,1877,2.6,2,0,0,95.2,0.2,0,0
England & Wales,1878,2.6,2,0,0,95.2,0.1,0,0
England & Wales,1879,2.4,1.8,0,0,95.6,0.2,0,0
England & Wales,1880,2.3,1.8,0,0,95.7,0.2,0,0
England & Wales,1881,2.3,1.4,0,0,96,0.2,0,0
England & Wales,1882,2.2,1.4,0,0,96.2,0.2,0,0
England & Wales,1883,2.3,1.4,0,0,96,0.3,0,0
England & Wales,1884,2.4,1.5,0,0,95.9,0.2,0,0
England & Wales,1885,2.4,1.5,0,0,95.7,0.3,0,0
England & Wales,1886,2.3,1.5,0,0,95.9,0.3,0,0
England & Wales,1887,2.3,1.5,0,0,96,0.3,0,0
England & Wales,1888,2.2,1.4,0,0,96,0.4,0,0
England & Wales,1889,2.2,1.4,0,0,96,0.4,0,0
England & Wales,1890,2.1,1.4,0,0,96,0.4,0,0
England & Wales,1891,2.2,1.9,0,0,95.4,0.5,0,0
England & Wales,1892,2.5,2.1,0,0,94.8,0.5,0,0
England & Wales,1893,2.1,1.8,0,0,95.5,0.6,0,0
England & Wales,1894,2.2,1.8,0,0,95.4,0.6,0,0
England & Wales,1895,2.1,1.8,0,0,95.4,0.6,0,0
England & Wales,1896,2.1,1.8,0,0,95.5,0.6,0,0
England & Wales,1897,2.1,1.8,0,0,95.4,0.6,0,0
England & Wales,1898,2,1.6,0,0,95.7,0.7,0,0
England & Wales,1899,2,1.7,0,0,95.8,0.5,0,0
England & Wales,1900,2.1,1.8,0,0,95.5,0.6,0,0
England & Wales,1901,2,1.7,0,0,95.7,0.6,0,0
England & Wales,1902,2.1,1.6,0,0,95.6,0.6,0,0
England & Wales,1903,2.1,1.6,0,0,95.6,0.6,0,0
England & Wales,1904,2.2,1.6,0,0,95.6,0.7,0,0
England & Wales,1905,2.1,1.5,0,0,95.8,0.6,0,0
England & Wales,1906,2,1.4,0,0,96,0.6,0,0
England & Wales,1907,2.2,1.5,0,0,95.6,0.6,0,0
England & Wales,1908,2.3,1.5,0,0,95.6,0.7,0,0
England & Wales,1909,2.3,1.4,0,0,95.5,0.8,0,0
England & Wales,1910,2.3,1.4,0,0,95.7,0.7,0,0
England & Wales,1911,2.5,1.5,0,0,95.3,0.8,0,0
England & Wales,1912,2.3,1.2,0,0,95.7,0.8,0,0
England & Wales,1913,2.3,1.2,0,0,95.5,1,0,0
England & Wales,1914,2.5,1.2,0,0,95,1.4,0,0
England & Wales,1915,2.3,1.1,0,0,95.5,1.2,0,0
England & Wales,1916,2.1,1,0,0,96.1,0.8,0,0
England & Wales,1917,2.1,1,0,0,95.2,1.7,0,0
England & Wales,1918,2.3,1,0,0,93.7,3,0,0
England & Wales,1919,2.4,1,0,0,95.1,1.5,0,0
England & Wales,1920,2.3,0.9,0,0,95,1.8,0,0
England & Wales,1921,3.3,1.2,0,0,91.7,3.8,0,0
England & Wales,1922,2.6,0.9,0,0,94,2.5,0,0
England & Wales,1923,2.5,0.8,0,0,94.4,2.3,0,0
England & Wales,1924,2.4,0.7,0,0,94.3,2.6,0,0
England & Wales,1925,2.6,0.7,0,0,94.2,2.5,0,0
England & Wales,1926,3.6,1,0,0,90.5,4.9,0,0
England & Wales,1927,2.5,0.7,0,0,93.4,3.5,0,0
England & Wales,1928,2.6,0.7,0,0,92.9,3.8,0,0
England & Wales,1929,2.5,0.6,0,0,92.5,4.4,0,0
England & Wales,1930,2.6,0.6,0,0,91.6,5.1,0,0
England & Wales,1931,2.8,0.6,0,0,91.4,5.2,0,0
England & Wales,1932,2.9,0.6,0,0,91.2,5.3,0,0
England & Wales,1933,2.9,0.6,0,0,90.7,5.8,0,0
England & Wales,1934,2.7,0.5,0,0,90.6,6.1,0,0
England & Wales,1935,2.7,0,0,0,91.3,6,0,0
England & Wales,1936,2.6,0,0,0,91.5,5.9,0,0
England & Wales,1937,2.5,0,0,0,91.5,6.1,0,0
England & Wales,1938,2.7,0,0,0,92,5.3,0,0
England & Wales,1939,2.6,0,0,0,92.5,4.9,0,0
England & Wales,1940,2.7,0,0,0,93.1,4.3,0,0
England & Wales,1941,2.6,0,0,0,92.7,4.7,0,0
England & Wales,1942,2.6,0,0,0,92.8,4.6,0,0
England & Wales,1943,2.7,0,0,0,92.2,5.1,0,0
England & Wales,1944,2.8,0,0,0,89.7,7.5,0,0
England & Wales,1945,2.9,0,0,0,90.7,6.4,0,0
England & Wales,1946,2.8,0,0,0,91.4,5.8,0,0
England & Wales,1947,2.8,0,0,0,90.2,7,0,0
England & Wales,1948,2.7,0,0,0,90.2,7,0,0
England & Wales,1949,2.8,0,0,0,89.8,7.5,0,0
England & Wales,1950,2.7,0,0,0,89.3,8,0,0
England & Wales,1951,2.6,0,0,0,88.9,8.5,0,0
England & Wales,1952,2.6,0,0,0,88.5,8.9,0,0
England & Wales,1953,2.7,0,0,0,87.7,9.6,0,0
England & Wales,1954,2.7,0,0,0,87,10.3,0,0
England & Wales,1955,2.7,0,0,0,86.1,11.2,0,0
England & Wales,1956,2.7,0,0,0,85.4,12,0,0
England & Wales,1957,2.7,0,0,0,85.2,12.1,0,0
England & Wales,1958,2.8,0,0,0,81.8,15.4,0,0
England & Wales,1959,2.8,0,0,0,78.5,18.7,0,0
England & Wales,1960,2.7,0,0,0,76.5,20.6,0,0.2
England & Wales,1961,2.7,0,0,0,74.7,22.3,0,0.3
England & Wales,1962,2.7,0,0,0,72.7,24.2,0.1,0.3
England & Wales,1963,2.6,0,0,0,71.3,25.6,0.1,0.4
England & Wales,1964,2.6,0,0,0,68.7,28.1,0.1,0.5
England & Wales,1965,2.5,0,0,0,66.2,30.2,0.4,0.8
England & Wales,1966,2.5,0,0,0,63.1,33,0.4,1
England & Wales,1967,2.6,0,0,0,59.7,36,0.6,1.1
England & Wales,1968,2.5,0,0,0,58,36.9,1.3,1.2
England & Wales,1969,2.4,0,0,0,55.1,38.7,2.5,1.3
England & Wales,1970,2.4,0,0,0,51.4,40.2,4.9,1.2
England & Wales,1971,2.4,0,0,0,47.1,41.4,8,1.2
England & Wales,1972,2.3,0,0,0,41,44.1,11.3,1.3
England & Wales,1973,2.2,0,0,0,42.3,42.8,11.7,1.2
England & Wales,1974,2.2,0,0,0,39.4,42.2,14.7,1.4
England & Wales,1975,2.2,0,0,0,42.2,38.3,15.9,1.3
England & Wales,1976,2.2,0,0,0,42.1,37.5,16.7,1.5
England & Wales,1977,2.2,0,0,0,41.4,37.4,17.4,1.7
England & Wales,1978,2.2,0,0,0,40.1,38.2,18,1.6
England & Wales,1979,2.1,0,0,0,41,36.6,18.8,1.5
England & Wales,1980,2.2,0,0,0,42.3,33.6,20.2,1.6
England & Wales,1981,2.3,0,0,0,42.4,32.2,21.4,1.7
England & Wales,1982,2.3,0,0,0,40.5,33.5,21.7,2
England & Wales,1983,2.3,0,0,0,40.7,32.1,22.7,2.3
England & Wales,1984,2.3,0,0,0,29.3,41.8,24.1,2.5
England & Wales,1985,2.1,0,0,0,37.4,33.6,24.2,2.6
England & Wales,1986,2.1,0,0,0,39.2,32.3,23.8,2.7
England & Wales,1987,2,0,0,0,39.5,31.3,24.4,2.8
England & Wales,1988,2,0,0,0,38.2,33.5,23.2,3.2
England & Wales,1989,2,0,0.3,0,37.3,34.4,22.5,3.5
England & Wales,1990,1.9,0,0.3,0,37.1,34.4,23.1,3.2
England & Wales,1991,1.8,0,0.3,0,35.9,34,24.5,3.5
England & Wales,1992,2,0,0.4,0,34.1,34.9,24.7,3.8
England & Wales,1993,2,0,0.5,0,29.6,35.3,28.4,4.3
England & Wales,1994,2,0,0.7,0,28.2,35.2,29.6,4.4
England & Wales,1995,2,0,0.7,0,26.5,34.8,31.6,4.4
England & Wales,1996,2.1,0,0.7,0,23.5,34.1,35.2,4.4
England & Wales,1997,2.3,0,0.8,0,21.3,33.7,37.3,4.6
England & Wales,1998,2.2,0,0.8,0,21,33.1,38.3,4.5
England & Wales,1999,2.2,0,0.8,0,18.6,33.1,40.9,4.4
England & Wales,2000,2.1,0,0.8,0,19.6,32.3,41.3,3.9
England & Wales,2001,2.1,0,0.8,0,19.6,32.3,41.3,3.9
England & Wales,2002,2.1,0,1,0,20.4,32.2,40.4,3.9
England & Wales,2003,2.1,0,1.2,0,19.1,32.9,40.8,3.8
England & Wales,2004,2.1,0,1.3,0,20.2,32.7,40.2,3.5
England & Wales,2005,2.1,0,1.4,0,19.3,32.9,40.9,3.5
England & Wales,2006,2.1,0,1.6,0,19.8,33.2,39.8,3.6
England & Wales,2007,2.3,0,2,0,19.9,30.8,41.8,3.2
England & Wales,2008,2.4,0,2.2,0,18.5,30.5,43.2,3.1
France,1800,20.5,10.4,65.4,0,3.8,0,0,0
France,1801,20.6,10.6,64.7,0,4.2,0,0,0
France,1802,20.9,10.7,63.8,0,4.6,0,0,0
France,1803,21.3,10.9,63.3,0,4.5,0,0,0
France,1804,21.7,11,62.9,0,4.4,0,0,0
France,1805,21.6,11.1,62.8,0,4.4,0,0,0
France,1806,21.8,11.2,62.6,0,4.4,0,0,0
France,1807,21.7,11.4,62.6,0,4.4,0,0,0
France,1808,21.7,11.5,62.5,0,4.3,0,0,0
France,1809,21.7,11.6,62.3,0,4.3,0,0,0
France,1810,21.7,11.8,62.2,0,4.3,0,0,0
France,1811,21.8,11.9,62.2,0,4.1,0,0,0
France,1812,21.7,12,61.8,0,4.4,0,0,0
France,1813,22,12.3,61.5,0,4.2,0,0,0
France,1814,22.1,12.6,61,0,4.3,0,0,0
France,1815,22.1,12.7,60.4,0,4.8,0,0,0
France,1816,22.1,12.8,60,0,5.1,0,0,0
France,1817,22.1,12.9,59.6,0,5.4,0,0,0
France,1818,22.3,13.1,59.8,0,4.8,0,0,0
France,1819,22.3,13.2,59.4,0,5.1,0,0,0
France,1820,22.2,13.2,58.9,0,5.8,0,0,0
France,1821,22.3,13.2,58.6,0,5.9,0,0,0
France,1822,22.3,13.2,58.3,0,6.2,0,0,0
France,1823,22.5,13.2,58.1,0,6.2,0,0,0
France,1824,22.4,13.1,57.6,0,6.8,0,0,0
France,1825,23.1,13.5,55.5,0,7.8,0,0,0
France,1826,23.2,13.6,55.2,0,8.1,0,0,0
France,1827,22.4,13.2,53.1,0,11.2,0,0,0
France,1828,22.4,13.3,52.6,0,11.7,0,0,0
France,1829,22.6,13.4,52.6,0,11.4,0,0,0
France,1830,22.4,13.4,52.2,0,12,0,0,0
France,1831,22.7,13.7,52.5,0,11.2,0,0,0
France,1832,22.5,13.6,51.6,0,12.3,0,0,0
France,1833,22.3,13.6,51,0,13.2,0,0,0
France,1834,21.9,13.4,49.9,0,14.8,0,0,0
France,1835,21.4,13.2,50.8,0,14.6,0,0,0
France,1836,21,13,49.5,0,16.5,0,0,0
France,1837,20.8,12.9,48.7,0,17.5,0,0,0
France,1838,20.6,13.1,48.1,0,18.2,0,0,0
France,1839,20.7,13.4,48.2,0,17.7,0,0,0
France,1840,20.7,13.7,47.9,0,17.8,0,0,0
France,1841,20.1,13.5,46.2,0,20.2,0,0,0
France,1842,20,13.7,45.7,0,20.6,0,0,0
France,1843,19.9,13.9,45.2,0,21,0,0,0
France,1844,19.8,14.1,44.7,0,21.4,0,0,0
France,1845,19.9,14.4,40.5,0,25.3,0,0,0
France,1846,19.7,14.5,39.8,0,26,0,0,0
France,1847,19,14.3,38.3,0,28.3,0,0,0
France,1848,20.2,15.3,40.7,0,23.8,0,0,0
France,1849,20,15.2,40.2,0,24.6,0,0,0
France,1850,19.4,14.8,38.8,0,27,0,0,0
France,1851,19.4,14.7,38.5,0,27.4,0,0,0
France,1852,18.9,14.4,37.4,0,29.4,0,0,0
France,1853,17.9,13.7,35.4,0,33,0,0,0
France,1854,17.1,13.1,33.6,0,36.1,0,0,0
France,1855,16.7,12.9,30.5,0,39.9,0.1,0,0
France,1856,16.4,12.7,29.9,0,41,0.1,0,0
France,1857,16.3,12.6,29.6,0,41.4,0.1,0,0
France,1858,16.4,12.8,29.8,0,40.9,0.1,0,0
France,1859,16.4,12.8,29.6,0,41.2,0.1,0,0
France,1860,15.8,12.4,28.5,0,43.3,0.1,0,0
France,1861,15.6,12,27.4,0,45,0.1,0,0
France,1862,15.3,11.7,26.7,0,46.2,0.1,0,0
France,1863,15.2,11.7,26.5,0,46.6,0.1,0,0
France,1864,14.8,11.4,25.7,0,48,0.1,0,0
France,1865,14.9,11.5,22.8,0,50.7,0.1,0,0
France,1866,14.3,11.1,21.8,0,52.7,0.1,0,0
France,1867,14.2,11,21.7,0,53,0.1,0,0
France,1868,14.1,11,21.4,0,53.5,0.1,0,0
France,1869,13.4,10.9,21.2,0,54.4,0.1,0,0
France,1870,14.3,11.7,22.5,0,51.4,0.1,0,0
France,1871,14.1,11.7,22.6,0,51.4,0.1,0,0
France,1872,12.7,10.6,20.4,0,56.2,0.1,0,0
France,1873,12.2,10.1,19.4,0,58.1,0.1,0,0
France,1874,12.9,10.7,18.2,0,58.1,0.1,0,0
France,1875,12.7,10.4,17.7,0,59,0.2,0,0
France,1876,12.7,10.4,17.7,0,58.9,0.2,0,0
France,1877,12.9,10.6,17.9,0,58.4,0.2,0,0
France,1878,12.8,10.5,17.6,0,58.8,0.2,0,0
France,1879,12.6,10.3,17.2,0,59.6,0.2,0,0
France,1880,11.8,9.6,16,0,62.5,0.2,0,0
France,1881,11.6,9.4,15.8,0,63,0.2,0,0
France,1882,11.3,9.1,15.2,0,64.2,0.2,0,0
France,1883,11,8.9,14.7,0,65.2,0.2,0,0
France,1884,11.3,9.1,15.1,0,64.3,0.2,0,0
France,1885,11.5,9.3,16.1,0,62.6,0.6,0,0
France,1886,11.6,9.3,16.1,0,62.3,0.6,0,0
France,1887,11.3,9,15.6,0,63.5,0.6,0,0
France,1888,11,8.8,15.2,0,64.4,0.6,0,0
France,1889,10.8,8.7,14.9,0,65,0.6,0,0
France,1890,10.2,8.2,14,0,67.1,0.5,0,0
France,1891,10.1,8.3,14,0,67.1,0.5,0,0
France,1892,10.1,8.4,13.9,0,67,0.5,0,0
France,1893,10.2,8.6,14.1,0,66.5,0.5,0,0
France,1894,9.9,8.2,13.6,0,67.8,0.5,0,0
France,1895,9.9,8.3,12.5,0,68.7,0.6,0,0
France,1896,9.7,8.1,12.2,0,69.5,0.6,0,0
France,1897,9.4,7.8,11.8,0,70.4,0.6,0,0
France,1898,9.2,7.7,11.5,0,71,0.6,0,0
France,1899,9,7.2,11.1,0,72.1,0.6,0,0
France,1900,8.5,6.8,10.6,0,73.6,0.5,0,0
France,1901,8.7,7.1,10.8,0,72.9,0.5,0,0
France,1902,9.1,7.4,11.3,0,71.6,0.6,0,0
France,1903,8.5,7.1,10.5,0,73.4,0.5,0,0
France,1904,8.6,7.3,10.7,0,72.8,0.5,0,0
France,1905,8.7,7.4,9.7,0,74,0.3,0,0
France,1906,8.3,7.1,9.2,0,75.3,0.3,0,0
France,1907,7.9,6.7,8.7,0,76.5,0.2,0,0
France,1908,7.8,6.7,8.7,0,76.5,0.2,0,0
France,1909,7.7,6.9,8.5,0,76.7,0.2,0,0
France,1910,7.7,7,8.4,0,76.7,0.2,0,0
France,1911,7.4,6.9,8.2,0,77.3,0.2,0,0
France,1912,7.4,6.9,8.1,0,77.4,0.2,0,0
France,1913,6.9,6.5,7.6,0,78.7,0.2,0,0
France,1914,7.8,8.6,10.2,0,73.4,0,0,0
France,1915,8.6,9.8,11.2,0,70.4,0,0,0
France,1916,8.1,9.5,10.8,0,71.7,0,0,0
France,1917,7.4,8.7,10,0,73.9,0,0,0
France,1918,8.1,9.5,10.8,0,71.5,0,0,0
France,1919,7.6,9.1,10.4,0,72.9,0.1,0,0
France,1920,7.4,7.3,8.3,0,76.3,0.7,0,0
France,1921,8.2,5.5,9.2,0,76.4,0.8,0,0
France,1922,7.2,4.8,8.1,0,79.2,0.7,0,0
France,1923,6.6,4.4,7.3,0,80.5,0.6,0,0.6
France,1924,6.1,4.2,6.7,0,81.9,0.6,0,0.5
France,1925,6.1,4,6.5,0,79.7,3.1,0,0.6
France,1926,5.9,4.2,6.3,0,79.9,3,0,0.7
France,1927,5.8,4.4,6.1,0,79.6,3.4,0,0.7
France,1928,5.8,4.5,6.1,0,78.3,4.4,0,0.8
France,1929,5.3,4.3,5.6,0,79.5,4.4,0,0.8
France,1930,5.3,4.3,5.5,0,78.9,5.1,0,0.9
France,1931,5.7,4.6,5.9,0,77,6,0,0.8
France,1932,6.2,5.1,6.5,0,74.2,7,0,0.9
France,1933,6.1,5,6.4,0,73,8.6,0,1
France,1934,6.1,5.1,6.4,0,73.2,8.2,0,1.1
France,1935,6.3,5.3,6.6,0,71.3,9.3,0,1.3
France,1936,6.1,5.2,6.5,0,70,10.9,0,1.3
France,1937,5.7,4.7,6.1,0,71.8,10.3,0,1.4
France,1938,6,5,6.3,0,69.7,11.7,0,1.4
France,1939,6.3,5.2,4,0,71.6,11,0,1.7
France,1940,8.2,6.9,5.9,0,68.4,8.5,0,2.1
France,1941,9,7.7,7.6,0,72.6,0.7,0,2.4
France,1942,8.5,7.3,10.8,0,70.8,0.7,0,2
France,1943,8.4,7.1,10.2,0,71.6,0.5,0.1,2
France,1944,11.5,9.7,12.7,0,63.1,0.6,0.2,2.2
France,1945,9.2,7.5,9.9,0,66,5.1,0.2,2.1
France,1946,6.7,4.2,8.3,0,70.1,8.9,0.2,1.7
France,1947,6.1,3.8,9.8,0,68.1,10.3,0.2,1.7
France,1948,5.9,3.8,9.4,0,66.8,12.1,0.2,1.9
France,1949,5.3,3.4,8.4,0,67.2,13.8,0.3,1.7
France,1950,5.9,3.6,9.3,0,62.8,15.9,0.3,2.1
France,1951,5.4,3.1,8.4,0,62.9,17.4,0.3,2.4
France,1952,5.2,3.3,8,0,62.6,18,0.3,2.5
France,1953,5.7,3.8,8.7,0,61.2,17.8,0.3,2.5
France,1954,5.2,3.5,8,0,57.9,22.5,0.3,2.6
France,1955,5.2,3.5,7.9,0,55.7,24.7,0.4,2.7
France,1956,4.7,3.2,7.1,0,58.1,23.8,0.5,2.5
France,1957,4.6,3,6.8,0,58.1,24.7,0.6,2.3
France,1958,4.6,3,6.8,0,55.8,25.9,0.8,3.1
France,1959,4.7,2.9,6.8,0,52.9,27.9,1.8,3
France,1960,4.9,3,7,0,49.4,29.6,2.8,3.4
France,1961,4.7,2.8,7.1,0,48,30.4,3.7,3.3
France,1962,4.5,2.5,6.9,0,47.2,31.8,4.1,3
France,1963,4.3,2.2,6.7,0,44.5,34.8,3.9,3.5
France,1964,4.1,2,6.6,0,42.3,38.5,3.9,2.6
France,1965,4,1.9,6.7,0,38.1,41.9,3.8,3.5
France,1966,4,1.8,6.9,0,35,44.6,3.9,3.8
France,1967,3.8,1.6,6.8,0,32.6,47.7,4.2,3.4
France,1968,3.7,1.4,6.7,0,29.8,50.1,4.8,3.6
France,1969,3.4,1.3,6.5,0,27.8,52.3,5.2,3.5
France,1970,3.3,1.1,6.3,0,25,56,4.9,3.5
France,1971,3.2,0.9,6.2,0,21.9,59,5.7,3.1
France,1972,3.1,0.8,6,0,18.4,62.2,6.5,3
France,1973,2.9,0.7,5.8,0,17.2,63.8,7.1,2.5
France,1974,3,0.6,5.4,0,17.9,62.5,7.6,3.1
France,1975,3.2,0.6,5.9,0,17,60.4,9.1,3.9
France,1976,3,0.5,5.2,0,17.9,61.4,9.1,2.8
France,1977,3.1,0.4,5.4,0,18.5,58.8,9.6,4.1
France,1978,3,0.4,5.4,0,17.5,60,9.8,4
France,1979,2.9,0.3,5.4,0,18.5,58.4,10.6,3.8
France,1980,3,0.3,5,0,19.1,56.2,11.2,5.2
France,1981,3.2,0.3,5.2,0,18,53.4,12.2,7.7
France,1982,3.3,0.3,5.4,0,19.1,51.5,12.1,8.2
France,1983,3.4,0.3,6.1,0,17.2,50,13.1,9.9
France,1984,3.4,0.3,6.2,0.1,16.7,47.8,13.2,12.3
France,1985,3.3,0.3,6.8,0.1,15.9,45.9,14.1,13.5
France,1986,3.3,0.3,6.7,0.1,13.1,46.6,14.3,15.6
France,1987,3.3,0.3,6.9,0.1,12.4,46.7,14.4,15.9
France,1988,3.3,0.3,6.5,0.1,12.2,45.4,14.4,17.8
France,1989,3.2,0.3,6.5,0.1,12.6,45.6,13.7,18
France,1990,3.2,0.3,6.8,0.1,11.8,44.8,14.2,18.8
France,1991,3.1,0.3,7.7,0.1,12,43.7,15,18.2
France,1992,3.2,0.3,7.6,0.1,10.9,43,15.5,19.5
France,1993,3.2,0.3,7.4,0.1,8.6,44.3,15.7,20.5
France,1994,3.4,0.3,7.1,0.1,9,43.2,15.8,21.1
France,1995,3.3,0.3,7.1,0.1,9.4,42.3,16.3,21.3
France,1996,3.1,0.3,7.1,0.1,9.2,42.6,17,20.7
France,1997,3.3,0.3,7,0.1,8.5,42.3,17,21.6
France,1998,3.1,0.3,6.9,0.1,9.5,42.5,17.3,20.4
France,1999,3.1,0.3,6.8,0.1,8.5,42.2,17.7,21.2
France,2000,3.1,0.3,6.8,0.1,8.3,41,18.7,21.7
France,2001,3,0.2,6.3,0.1,6.6,43.1,18.8,21.8
France,2002,3,0.2,6.1,0.1,7.2,42.3,19,22.1
France,2003,3,0.2,6.2,0.1,7.4,41.1,19.6,22.4
France,2004,3,0.2,6.2,0.1,7.1,41.2,19.9,22.3
France,2005,3,0.2,6.3,0.1,7.4,41,20.4,21.7
France,2006,3,0.2,6.4,0.1,6.9,41,20,22.4
France,2007,3.2,0.3,7.3,0.1,7.2,39.2,21.2,21.5
France,2008,3.2,0.3,8,0.1,6.9,38.9,20.7,21.9
Germany,1815,24,15.6,47.6,1.5,11.3,0,0,0
Germany,1816,23.9,15.5,47.8,1.5,11.3,0,0,0
Germany,1817,23.8,15.6,47.8,1.5,11.3,0,0,0
Germany,1818,24.3,15.7,47.3,1.5,11.3,0,0,0
Germany,1819,24.8,16,47,1.5,10.7,0,0,0
Germany,1820,25.1,16,46.1,1.5,11.3,0,0,0
Germany,1821,25.3,16,45.2,1.6,11.9,0,0,0
Germany,1822,25.6,16.1,44.3,1.6,12.4,0,0,0
Germany,1823,25.7,16,44.3,1.6,12.4,0,0,0
Germany,1824,25.7,15.9,44,1.6,12.8,0,0,0
Germany,1825,25.8,15.9,44,1.6,12.8,0,0,0
Germany,1826,25.9,15.8,44,1.6,12.7,0,0,0
Germany,1827,25.8,15.7,43.7,1.6,13.1,0,0,0
Germany,1828,25.9,15.7,43.8,1.6,13.1,0,0,0
Germany,1829,25.9,15.7,43.8,1.6,13,0,0,0
Germany,1830,25.8,15.6,43.6,1.6,13.4,0,0,0
Germany,1831,26,15.7,43.9,1.6,12.8,0,0,0
Germany,1832,25.8,15.5,43.4,1.6,13.8,0,0,0
Germany,1833,25.5,15.3,42.8,1.6,14.8,0,0,0
Germany,1834,25.6,15.3,42.8,1.6,14.7,0,0,0
Germany,1835,25.7,15.3,42.9,1.6,14.6,0,0,0
Germany,1836,25.5,15.1,42.3,1.6,15.5,0,0,0
Germany,1837,24.8,14.6,40.9,1.5,18.1,0,0,0
Germany,1838,24.6,14.4,41,1.5,18.5,0,0,0
Germany,1839,24.2,14.1,40.9,1.5,19.3,0,0,0
Germany,1840,23.9,13.8,40.9,1.5,19.9,0,0,0
Germany,1841,23.7,13.6,40.9,1.4,20.3,0,0,0
Germany,1842,23,13.1,40.3,1.4,22.2,0,0,0
Germany,1843,23.4,13.2,40.8,1.4,21.2,0,0,0
Germany,1844,23.2,13,40.3,1.4,22,0,0,0
Germany,1845,22.6,12.6,39.1,1.4,24.3,0,0,0
Germany,1846,22.5,12.4,38.6,1.4,25,0,0,0
Germany,1847,22.3,12.3,38.2,1.4,25.9,0,0,0
Germany,1848,22.9,12.6,38.2,1.4,24.9,0,0,0
Germany,1849,22.9,12.6,37.2,1.4,25.8,0,0,0
Germany,1850,22.7,12.5,35.7,1.5,27.6,0,0,0
Germany,1851,22.4,12.3,34,1.4,30,0,0,0
Germany,1852,21.6,11.8,32.6,1.4,32.5,0,0,0
Germany,1853,20.9,11.5,32.8,1.3,33.6,0,0,0
Germany,1854,19.6,10.9,31.3,1.3,36.9,0,0,0
Germany,1855,18.3,10.4,29.9,1.2,40.2,0,0,0
Germany,1856,17.7,10.1,29.5,1.2,41.5,0,0,0
Germany,1857,17.2,9.9,29.1,1.1,42.6,0,0,0
Germany,1858,16.6,9.6,28.5,1.1,44.2,0,0,0
Germany,1859,17.1,9.9,29.1,1.1,42.7,0,0,0
Germany,1860,16.7,9.7,28.1,1.1,44.4,0,0,0
Germany,1861,15.9,9.3,26.4,1,47.3,0,0,0
Germany,1862,15.4,8.7,25.1,1,49.7,0,0,0
Germany,1863,15,8.3,24.1,1,51.7,0,0,0
Germany,1864,14.1,7.6,22.5,0.9,54.9,0,0,0
Germany,1865,13.2,7.5,21.1,0.9,57.2,0,0,0
Germany,1866,13.4,7.5,21,0.9,57,0.1,0,0
Germany,1867,12.8,7.2,19.7,0.8,59.3,0.2,0,0
Germany,1868,12.3,6.9,18.6,0.8,61,0.2,0,0
Germany,1869,12.1,6.8,17.9,0.8,62.1,0.3,0,0
Germany,1870,12.3,6.9,17.8,0.8,61.9,0.3,0,0
Germany,1871,11.6,6.5,16.4,0.8,64.3,0.4,0,0
Germany,1872,11.1,6.3,15.4,0.7,66.1,0.4,0,0
Germany,1873,10.8,6.1,14.5,0.7,67.5,0.5,0,0
Germany,1874,10.9,6.2,14,0.7,67.8,0.4,0,0
Germany,1875,10.9,6.2,13.2,0.7,68.5,0.5,0,0
Germany,1876,10.8,6.2,13.2,0.7,68.6,0.6,0,0
Germany,1877,11.1,6.3,13.4,0.7,67.8,0.7,0,0
Germany,1878,10.9,6.2,13.7,0.7,67.9,0.6,0,0
Germany,1879,10.7,6.1,11.9,0.7,70,0.6,0,0
Germany,1880,9.6,5.5,11,0.6,72.8,0.5,0,0
Germany,1881,9.4,5.4,10.7,0.6,73.2,0.6,0,0
Germany,1882,9,5.2,10.5,0.6,74.1,0.7,0,0
Germany,1883,8.7,5.2,8.8,0.6,76.1,0.7,0,0
Germany,1884,8.6,5.1,8.7,0.5,76.1,0.9,0,0
Germany,1885,8.5,5.1,8.7,0.5,76.3,0.9,0,0
Germany,1886,8.4,5.1,9.1,0.5,76.1,0.8,0,0
Germany,1887,8.2,4.9,9.3,0.5,76.2,0.9,0,0
Germany,1888,7.7,4.7,8.2,0.4,78,1,0,0
Germany,1889,7.5,4.5,7.5,0.4,79.1,1,0,0
Germany,1890,7.3,4.4,6.9,0.4,79.9,1,0,0
Germany,1891,7,4.3,6.7,0.4,80.6,1,0,0
Germany,1892,7.2,4.4,6.7,0.4,80.1,1.1,0,0
Germany,1893,7.1,4.4,7,0.4,80.1,1.1,0,0
