Entity,Year,Share of agriculture in GDP at current prices (Herrendorf et al. data),Share of industry in GDP at current prices (Herrendorf et al. data),Share of services in GDP at current prices (Herrendorf et al. data),Number of people employed in agriculture  (Herrendorf et al. data),Number of people employed in industry  (Herrendorf et al. data),Number of people employed in services (Herrendorf et al. data)
Belgium,1835,20.58,34.55,44.87,,,
Belgium,1836,19.34,36.64,44.02,,,
Belgium,1837,18.74,36.25,45.01,,,
Belgium,1838,19.64,34.82,45.54,,,
Belgium,1839,20.78,35.16,44.06,,,
Belgium,1840,21.61,35.69,42.71,,,
Belgium,1841,21.47,36.03,42.5,,,
Belgium,1842,22.41,37.37,40.22,,,
Belgium,1843,23.08,37.41,39.51,,,
Belgium,1844,22.18,36.57,41.26,,,
Belgium,1845,21.89,36.1,42.01,,,
Belgium,1846,24.22,35.72,40.06,681000,414000,178000
Belgium,1847,31.28,31.5,37.22,,,
Belgium,1848,22.27,37.86,39.87,,,
Belgium,1849,22.77,36.58,40.65,,,
Belgium,1850,20.11,38.81,41.08,,,
Belgium,1851,20.43,38.2,41.37,,,
Belgium,1852,21.07,38.38,40.55,,,
Belgium,1853,21.42,40.59,37.99,,,
Belgium,1854,25.24,39.72,35.04,,,
Belgium,1855,22.06,42.97,34.97,,,
Belgium,1856,22.44,43.3,34.25,712000,525000,211000
Belgium,1857,20.44,43.62,35.94,,,
Belgium,1858,18.26,44.09,37.65,,,
Belgium,1859,16.01,45.6,38.39,,,
Belgium,1860,18.41,44.97,36.63,,,
Belgium,1861,18.53,44.65,36.82,,,
Belgium,1862,19.15,44.64,36.21,,,
Belgium,1863,18.64,44.24,37.12,,,
Belgium,1864,16.41,46.45,37.15,,,
Belgium,1865,15.13,46.56,38.31,,,
Belgium,1866,15.27,47.75,36.99,705000,627000,242000
Belgium,1867,17.12,45.87,37.01,,,
Belgium,1868,19.3,44.19,36.51,,,
Belgium,1869,14.51,48.53,36.95,,,
Belgium,1870,14.73,48.68,36.59,,,
Belgium,1871,14.12,48.69,37.19,,,
Belgium,1872,13.12,52.22,34.67,,,
Belgium,1873,11.18,54.62,34.2,,,
Belgium,1874,14.17,50.62,35.21,,,
Belgium,1875,12.1,48.19,39.71,,,
Belgium,1876,14.3,45.4,40.29,,,
Belgium,1877,14.55,45.36,40.09,,,
Belgium,1878,12.72,46.25,41.03,,,
Belgium,1879,13.01,44.86,42.14,,,
Belgium,1880,12.58,46.69,40.73,674000,701000,384000
Belgium,1881,12.85,46.75,40.4,,,
Belgium,1882,12.65,46.34,41.01,,,
Belgium,1883,12.39,45.44,42.17,,,
Belgium,1884,11.89,44.19,43.92,,,
Belgium,1885,11.87,42.46,45.66,,,
Belgium,1886,12.27,41.09,46.63,,,
Belgium,1887,11.42,42.97,45.61,,,
Belgium,1888,11.11,42.72,46.17,,,
Belgium,1889,11.4,43.45,45.15,,,
Belgium,1890,10.96,43.95,45.09,640000,827000,526000
Belgium,1891,11.68,42.41,45.91,,,
Belgium,1892,11.72,42.07,46.21,,,
Belgium,1893,11.84,41.42,46.74,,,
Belgium,1894,11.33,41.05,47.62,,,
Belgium,1895,10.89,41.44,47.67,,,
Belgium,1896,10.07,42.06,47.87,,,
Belgium,1897,11.08,42,46.92,,,
Belgium,1898,10.72,42.03,47.25,,,
Belgium,1899,9.56,43.73,46.71,,,
Belgium,1900,10.04,44.03,45.93,616000,1046000,607000
Belgium,1901,10.6,42.03,47.37,,,
Belgium,1902,10.81,41.54,47.65,,,
Belgium,1903,10.38,41.61,48.01,,,
Belgium,1904,10.54,41.73,47.74,,,
Belgium,1905,10.61,41.11,48.28,,,
Belgium,1906,10.19,41.86,47.95,,,
Belgium,1907,10.09,42.52,47.39,,,
Belgium,1908,10.64,41,48.36,,,
Belgium,1909,10.44,39.68,49.87,,,
Belgium,1910,10.67,39.41,49.92,585000,1184000,622000
Belgium,1911,10.3,39.47,50.23,,,
Belgium,1912,9.43,40.27,50.3,,,
Belgium,1913,9.1,40.45,50.46,,,
Belgium,1920,18.34,32.29,49.37,525000,1173000,605000
Belgium,1921,15.73,34.93,49.34,,,
Belgium,1922,11.76,36.52,51.72,,,
Belgium,1923,14.54,36.32,49.14,,,
Belgium,1924,13.38,38.33,48.29,,,
Belgium,1925,12.6,38.6,48.8,,,
Belgium,1926,12.77,40.06,47.18,,,
Belgium,1927,10.91,42.86,46.23,,,
Belgium,1928,10.83,42.98,46.2,,,
Belgium,1929,10.11,43.36,46.53,,,
Belgium,1930,8.79,41.99,49.22,505000,1426000,823000
Belgium,1931,7.95,40.42,51.62,,,
Belgium,1932,8.4,36.93,54.68,,,
Belgium,1933,8.73,36.68,54.59,,,
Belgium,1934,7.61,36.7,55.69,,,
Belgium,1935,3.86,38.58,57.56,,,
Belgium,1936,3.09,40.61,56.3,,,
Belgium,1937,7.41,40.45,52.14,,,
Belgium,1938,7.99,38.78,53.23,,,
Belgium,1939,8.16,37.97,53.87,,,
Belgium,1946,10.41,38.67,50.92,,,
Belgium,1947,8.21,41.47,50.32,364000,1347000,893000
Belgium,1948,7.57,41.69,50.75,,,
Belgium,1949,8.45,42.76,48.79,,,
Belgium,1950,7.42,42.9,49.68,,,
Belgium,1951,7.28,43.09,49.62,,,
Belgium,1952,6.9,41.87,51.23,,,
Belgium,1953,7.74,41.88,50.38,,,
Belgium,1954,7.59,42.82,49.6,,,
Belgium,1955,7.43,42.55,50.02,,,
Belgium,1956,6.82,43.22,49.96,,,
Belgium,1957,7.14,43.6,49.26,,,
Belgium,1958,6.84,41.97,51.19,,,
Belgium,1959,6.86,40.87,52.26,,,
Belgium,1960,6.6,41.72,51.68,,,
Belgium,1961,6.82,41.68,51.5,213000,1316000,972000
Belgium,1962,6.11,42.06,51.83,,,
Belgium,1963,6.02,41.98,52,,,
Belgium,1964,5.68,43.36,50.96,,,
Belgium,1965,5.51,42.22,52.27,,,
Belgium,1966,4.87,41.95,53.18,,,
Belgium,1967,4.69,41.34,53.97,,,
Belgium,1968,4.75,40.84,54.4,,,
Belgium,1969,4.73,41.28,53.99,,,
Belgium,1970,3.67,43.27,53.06,197477.8225,1493903.32,2018394.876
Belgium,1971,3.54,41.23,55.23,184101.572,1492296.724,2060225.873
Belgium,1972,4.09,40.8,55.12,172728.0139,1470163.404,2095485.288
Belgium,1973,3.9,41.04,55.06,165111.1874,1471072.89,2133861.039
Belgium,1974,2.82,41.73,55.45,160353.8201,1473849.089,2181319.428
Belgium,1975,3,39.18,57.82,155935.2554,1418280.507,2209577.294
Belgium,1976,2.92,38.75,58.33,147979.635,1372726.628,2244537.298
Belgium,1977,2.42,38.3,59.28,141885.2497,1331691.968,2281863.341
Belgium,1978,2.5,37.53,59.97,138862.5693,1288703.447,2333681.472
Belgium,1979,2.39,37.36,60.25,138367.4551,1259537.994,2390219.796
Belgium,1980,2.28,36.37,61.35,132237.6211,1224876.319,2423309.236
Belgium,1981,2.44,33.55,64.01,129056.875,1155856.946,2433417.054
Belgium,1982,2.48,33.56,63.97,127686.875,1100688.103,2441924.147
Belgium,1983,2.63,33.15,64.23,127287.875,1059261.097,2436561.528
Belgium,1984,2.53,32.74,64.73,127051,1038256.382,2456067.868
Belgium,1985,2.34,32.78,64.88,126152.375,1022604.297,2490729.578
Belgium,1986,2.26,32.1,65.65,124604.5,1008453.207,2530800.168
Belgium,1987,2.06,31.11,66.84,122167.625,989850.4249,2579206.075
Belgium,1988,2.03,31.54,66.42,120207.875,989735.0486,2653365.451
Belgium,1989,2.32,32.13,65.55,119377,1005249.523,2697631.227
Belgium,1990,1.94,32.07,65.99,118489.75,1011963.002,2734407.998
Belgium,1991,2.12,28.47,69.41,117296.25,1004797.925,2756438.075
Belgium,1992,2.02,26.64,71.34,114539.125,986736.2257,2773621.274
Belgium,1993,1.88,26.05,72.08,112992.625,952280.8939,2788374.231
Belgium,1994,1.79,25.01,73.2,110751.125,928597.948,2801515.802
Belgium,1995,1.72,24.94,73.34,108951.875,918136.375,2840925
Belgium,1996,1.52,25.49,72.99,104785.5,905219.75,2871121.5
Belgium,1997,1.55,25.04,73.41,102043.75,893630.625,2903721.375
Belgium,1998,1.56,25.31,73.12,100278.125,894696.625,2964989.5
Belgium,1999,1.46,24.91,73.63,98864.75,888789.625,3024268.125
Belgium,2000,1.29,24.36,74.35,94837.625,899754.625,3096733.375
Belgium,2001,1.38,24.39,74.23,91850.875,908691.75,3149220.875
Belgium,2002,1.32,23.56,75.12,89107.25,879646.625,3175551.375
Belgium,2003,1.18,23.08,75.74,86255.25,859808.5,3199953.375
Belgium,2004,1.12,22.38,76.5,85034.75,846886.625,3242231.375
Belgium,2005,1.11,22.39,76.49,84544.75,843837.642,3300567.026
Belgium,2006,0.83,22.04,77.12,84147.625,846903.1429,3356015.302
Belgium,2007,0.79,22.14,77.07,82858.625,850901.912,3430756.197
Belgium,2008,0.79,21.79,77.42,,,
Finland,1805,,,,702000,31000,122000
Finland,1860,61.66,15.87,22.46,,,
Finland,1861,67.43,16.8,15.77,,,
Finland,1862,57.29,15.84,26.87,,,
Finland,1863,64.14,16.09,19.78,,,
Finland,1864,59.35,15.98,24.67,,,
Finland,1865,61.69,17.33,20.99,,,
Finland,1866,56.01,15.69,28.3,,,
Finland,1867,48.41,14.73,36.86,,,
Finland,1868,66.93,18.31,14.76,,,
Finland,1869,61.79,18.26,19.96,,,
Finland,1870,60.12,18.16,21.71,,,
Finland,1871,60.66,18.56,20.79,,,
Finland,1872,61.88,20.03,18.08,,,
Finland,1873,63.18,21.44,15.38,,,
Finland,1874,62.92,21.27,15.81,,,
Finland,1875,58.42,18.69,22.89,,,
Finland,1876,62.59,18.87,18.54,,,
Finland,1877,55.04,18.16,26.8,,,
Finland,1878,47.38,15.1,37.51,,,
Finland,1879,52.98,16.01,31.01,,,
Finland,1880,61.93,19.49,18.58,358000,48000,96000
Finland,1881,54.48,19.68,25.84,,,
Finland,1882,58.28,20.78,20.94,,,
Finland,1883,56.85,19.02,24.13,,,
Finland,1884,53.92,18.28,27.8,,,
Finland,1885,53.4,18.68,27.92,,,
Finland,1886,52.74,18.6,28.66,,,
Finland,1887,53.76,18.27,27.97,,,
Finland,1888,54.91,19.76,25.33,,,
Finland,1889,57.87,23.11,19.02,,,
Finland,1890,54.59,22.48,22.94,,,
Finland,1891,57.24,20.9,21.86,,,
Finland,1892,51.43,19.28,29.29,,,
Finland,1893,54.28,18.65,27.07,,,
Finland,1894,54.64,19.91,25.44,,,
Finland,1895,54.72,20.57,24.71,,,
Finland,1896,55.85,22.62,21.53,,,
Finland,1897,56.28,24.01,19.7,,,
Finland,1898,54.9,24.48,20.62,,,
Finland,1899,50.26,23.47,26.27,,,
Finland,1900,52.07,24.76,23.18,429000,95000,107000
Finland,1901,47.43,21.74,30.84,,,
Finland,1902,45.49,21.74,32.77,,,
Finland,1903,52.57,24.02,23.41,,,
Finland,1904,48.08,22.7,29.22,,,
Finland,1905,49.1,24.12,26.78,,,
Finland,1906,48.13,25.52,26.35,,,
Finland,1907,47.28,25.87,26.85,,,
Finland,1908,45.38,23.65,30.97,,,
Finland,1909,45.45,24.02,30.53,,,
Finland,1910,44.55,24.68,30.77,897000,175000,109000
Finland,1911,46.04,25.3,28.65,,,
Finland,1912,46.87,25.51,27.62,,,
Finland,1913,45.08,25.02,29.9,,,
Finland,1914,42.08,23.8,34.12,,,
Finland,1915,41.7,29.1,29.2,,,
Finland,1916,51.39,42.08,6.54,,,
Finland,1920,,,,1032000,192000,164000
Finland,1921,55.05,27.32,17.63,,,
Finland,1922,45.72,28.32,25.96,,,
Finland,1923,40.13,29.76,30.1,,,
Finland,1924,40.18,29.24,30.59,,,
Finland,1925,40.5,29.05,30.45,,,
Finland,1926,37.62,29.67,32.71,,,
Finland,1927,40.32,32.19,27.49,,,
Finland,1928,36.11,33.15,30.74,,,
Finland,1929,30.61,29.29,40.1,,,
Finland,1930,26.49,26.02,47.49,1107000,252000,228000
Finland,1931,24.55,24.45,51,,,
Finland,1932,30.11,27.65,42.25,,,
Finland,1933,31.73,29.41,38.87,,,
Finland,1934,35.17,32.54,32.28,,,
Finland,1935,32.98,30.42,36.6,,,
Finland,1936,34.5,32.8,32.69,,,
Finland,1937,39.13,36.89,23.98,,,
Finland,1938,36.15,32.26,31.59,,,
Finland,1939,29.33,29.2,41.47,,,
Finland,1940,29.46,33.1,37.44,1158000,375000,338000
Finland,1941,32.82,32.68,34.5,,,
Finland,1942,33.92,32.91,33.17,,,
Finland,1943,42.17,34.53,23.29,,,
Finland,1944,38.51,27.18,34.32,,,
Finland,1947,51.71,44.89,3.39,,,
Finland,1948,42.98,51.42,5.6,,,
Finland,1949,29.36,42.21,28.43,,,
Finland,1950,32.39,50.5,17.11,912000,550000,494000
Finland,1951,38.96,59.49,1.55,,,
Finland,1952,30.23,36.41,33.36,,,
Finland,1953,24.24,37.76,38,,,
Finland,1954,26.33,44.48,29.18,,,
Finland,1955,26.58,44.08,29.33,,,
Finland,1956,23.55,42.33,34.12,,,
Finland,1957,21.49,41.44,37.07,,,
Finland,1958,22.05,41.52,36.43,,,
Finland,1959,20.9,42.28,36.82,,,
Finland,1960,21.23,44.46,34.31,721000,640000,666000
Finland,1961,18.96,38.03,43.01,,,
Finland,1962,16.82,37.7,45.48,,,
Finland,1963,16.23,37.21,46.57,,,
Finland,1964,16.34,36.64,47.02,,,
Finland,1965,15.98,36.49,47.53,,,
Finland,1966,14.27,36.68,49.04,,,
Finland,1967,13.41,36.55,50.04,,,
Finland,1968,13.67,36.63,49.7,,,
Finland,1969,13.2,38.46,48.33,,,
Finland,1970,9.89,39.78,50.33,471500,736600,1052300
Finland,1971,12.37,38.68,48.95,444900,736100,1063300
Finland,1972,11.04,39.97,48.99,419200,763600,1092300
Finland,1973,10.67,40.83,48.51,394300,805300,1123700
Finland,1974,10.2,42.79,47,369900,806500,1150000
Finland,1975,10.54,39.56,49.9,348300,800800,1174000
Finland,1976,9.84,38.1,52.06,336900,769300,1195500
Finland,1977,9.68,37.64,52.69,316500,743200,1200300
Finland,1978,9.02,38.09,52.89,304000,721200,1213800
Finland,1979,9.02,38.69,52.29,306100,739600,1242200
Finland,1980,9.49,38.44,52.07,308600,769000,1276800
Finland,1981,8.67,38.01,53.32,305800,765900,1312500
Finland,1982,8.72,37.11,54.17,310500,760000,1340400
Finland,1983,8.42,36.94,54.63,300500,755300,1364000
Finland,1984,8.43,36.52,55.05,298000,749000,1387700
Finland,1985,8.03,35.38,56.59,281900,740500,1416000
Finland,1986,7.4,34.73,57.87,267800,726900,1436000
Finland,1987,6.4,35.16,58.44,254800,718400,1471100
Finland,1988,6.31,35.33,58.36,243700,718400,1507000
Finland,1989,6.55,35.57,57.89,223700,726700,1541900
Finland,1990,6.63,33.71,59.67,213200,720500,1546900
Finland,1991,5.76,30.09,64.15,202500,649200,1489200
Finland,1992,5.09,29.69,65.22,188000,579000,1408700
Finland,1993,5.22,30.5,64.28,174800,529900,1341000
Finland,1994,5.58,31.48,62.95,170600,519100,1327900
Finland,1995,4.78,33.06,62.17,161400,537900,1353700
Finland,1996,4.29,31.67,64.04,152700,545400,1383100
Finland,1997,4.25,32.32,63.44,149900,572200,1427700
Finland,1998,3.82,33.37,62.81,138800,590200,1463300
Finland,1999,3.76,33.02,63.22,139800,605600,1501600
Finland,2000,3.62,34.14,62.24,136800,620100,1539700
Finland,2001,3.36,33.5,63.14,131400,621000,1578000.01
Finland,2002,,,,126600,613000,1612999.95
Finland,2003,,,,124300,602600.02,1628200.01
Finland,2004,,,,121800,594599.993,1648399.971
Finland,2005,,,,121300,602897.4457,1672578.828
Finland,2006,,,,121700,613797.7669,1703616.462
Finland,2007,,,,122000,628596.4935,1742379.607
France,1815,37.3,36.73,25.98,,,
France,1816,43.16,33.8,23.04,,,
France,1817,49.72,29.23,21.04,,,
France,1818,42.42,35.71,21.87,,,
France,1819,41.9,35.08,23.01,,,
France,1820,40.57,36.28,23.16,,,
France,1821,40.61,36.46,22.93,,,
France,1822,35.71,40.68,23.61,,,
France,1823,39.42,36.87,23.71,,,
France,1824,39.29,37.3,23.41,,,
France,1825,36.4,40.94,22.66,,,
France,1826,37.88,39.22,22.91,,,
France,1827,38.74,38.93,22.33,,,
France,1828,39.17,38.38,22.45,,,
France,1829,40.48,37.98,21.53,,,
France,1830,40.02,38.77,21.21,,,
France,1831,40.96,36.73,22.31,,,
France,1832,44.15,34.07,21.78,,,
France,1833,38.51,39.23,22.27,,,
France,1834,37.49,40.34,22.18,,,
France,1835,36.51,41.69,21.8,,,
France,1836,32.35,45.84,21.81,,,
France,1837,35.45,42.03,22.52,,,
France,1838,34.58,43.28,22.13,,,
France,1839,34.26,42.72,23.02,,,
France,1840,36.95,40.61,22.44,,,
France,1841,34.22,42.17,23.61,,,
France,1842,34.04,42.73,23.23,,,
France,1843,35.56,40.97,23.47,,,
France,1844,35.86,41.02,23.12,,,
France,1845,34.09,42.77,23.14,,,
France,1846,33.97,43.47,22.56,,,
France,1847,40.28,38.19,21.53,,,
France,1848,39.9,35.9,24.19,,,
France,1849,33.16,43.35,23.48,,,
France,1850,31.8,44.7,23.5,,,
France,1851,32.31,43.79,23.9,,,
France,1852,34.1,43.01,22.89,,,
France,1853,32.51,44.1,23.4,,,
France,1854,35.26,41.93,22.8,,,
France,1855,34.78,41.53,23.69,,,
France,1856,34.91,41.91,23.18,7305000,3793000,3025000
France,1857,39.05,38.04,22.91,,,
France,1858,39.63,36.75,23.63,,,
France,1859,37.05,38.24,24.71,,,
France,1860,38.72,38.02,23.26,,,
France,1861,35.67,40.77,23.56,,,
France,1862,39.34,37.24,23.42,,,
France,1863,38.98,37.41,23.61,,,
France,1864,38.19,38.01,23.8,,,
France,1865,36.38,38.59,25.03,,,
France,1866,35.95,39.78,24.27,7536000,3861000,3370000
France,1867,33.27,41.69,25.05,,,
France,1868,37.11,39.23,23.67,,,
France,1869,37.7,38.86,23.43,,,
France,1870,39.41,35.11,25.49,,,
France,1871,39.69,32.74,27.57,,,
France,1872,36.96,37.26,25.77,,,
France,1873,32.98,40.27,26.76,,,
France,1874,36.12,37.69,26.19,,,
France,1875,33.79,39.39,26.82,,,
France,1876,31.65,40.09,28.26,,,
France,1877,33.89,38.22,27.89,,,
France,1878,33.55,37.24,29.22,,,
France,1879,30.44,38.53,31.02,,,
France,1880,31.97,37.68,30.35,,,
France,1881,30.33,39.51,30.15,,,
France,1882,30.7,39.27,30.03,,,
France,1883,30.73,38.57,30.7,,,
France,1884,30.72,37.81,31.47,,,
France,1885,29.52,37.15,33.33,,,
France,1886,28.14,38.04,33.83,7846000,4295000,4567000
France,1887,27.43,38.01,34.56,,,
France,1888,26.92,38.53,34.55,,,
France,1889,25.05,40.7,34.25,,,
France,1890,27.28,39.02,33.7,,,
France,1891,26.1,39.79,34.11,,,
France,1892,25.99,39.33,34.68,,,
France,1893,26.61,38.06,35.32,,,
France,1894,27.75,36.66,35.6,,,
France,1895,27.36,35.8,36.84,,,
France,1896,25.38,38.11,36.5,8501000,5394000,5036000
France,1897,23.67,40.28,36.05,,,
France,1898,26.91,37.5,35.59,,,
France,1899,25.41,38.9,35.69,,,
France,1900,27.55,36.17,36.27,,,
France,1901,23.96,38.75,37.29,8245000,5847000,5812000
France,1902,25.15,37.9,36.96,,,
France,1903,26.16,37.62,36.22,,,
France,1904,25.52,37.67,36.81,,,
France,1905,25.12,37.18,37.7,,,
France,1906,24.53,38.51,36.96,8855000,6053000,5821000
France,1907,25.36,38.58,36.06,,,
France,1908,25.19,37.65,37.16,,,
France,1909,25.4,38.14,36.45,,,
France,1910,26.57,36.73,36.7,,,
France,1911,26.59,37.89,35.52,8572000,6931000,5429000
France,1912,26.8,38.67,34.53,,,
France,1913,26.27,38.76,34.97,,,
France,1920,22.73,49.19,28.08,,,
France,1921,25.35,39.51,35.14,9023000,6371000,6323000
France,1922,21.07,44.4,34.52,,,
France,1923,20.25,46.76,32.98,,,
France,1924,20.34,47.38,32.29,,,
France,1925,20.04,47.57,32.39,,,
France,1926,20.44,47.48,32.08,8200000,7021000,6176000
France,1927,21.71,44.05,34.25,,,
France,1928,21.19,43.93,34.87,,,
France,1929,20.24,44.3,35.46,,,
France,1930,19.86,44.22,35.92,,,
France,1931,21.14,39.57,39.29,7704000,7195000,6715000
France,1932,25.08,34.28,40.65,,,
France,1933,21.32,37.64,41.05,,,
France,1934,21.42,35.33,43.25,,,
France,1935,18.03,36.2,45.77,,,
France,1936,21.72,35.05,43.23,7204000,6182000,6877000
France,1938,20.05,39.26,40.69,,,
France,1946,,,,7484000,6186000,7124000
France,1954,,,,5195000,7003000,7550000
France,1962,,,,3907000,7426000,8160000
France,1968,,,,3133000,8087000,8782000
France,1970,9.64,38.22,52.14,2842823.419,7494729.733,10533637.97
France,1971,9.2,38.17,52.63,2699836.65,7525567.567,10743241.8
France,1972,10.04,37.44,52.53,2553243.488,7573049.921,10988698.06
France,1973,9.87,37.54,52.59,2425554.341,7695992.292,11297179.97
France,1974,8.37,37.55,54.07,2319525.058,7734684.564,11590422.24
France,1975,7.48,36.33,56.19,2227155.572,7497638.58,11743202.46
France,1976,7.02,36.34,56.65,2143763.904,7444960.211,12121229.14
France,1977,6.63,35.66,57.71,2063989.497,7405835.67,12464425.9
France,1978,6.67,35.09,58.24,2002053.295,7285673.431,12745006.72
France,1979,6.77,34.51,58.72,1950420.626,7193017.918,13001861.4
France,1980,6.03,34.48,59.48,1890627.592,7138653.356,13173372.93
France,1981,5.96,33.37,60.67,1822389.621,6919852.866,13376062.63
France,1982,6.71,32.15,61.15,1757923.365,6798498.694,13588512.33
France,1983,5.79,31.58,62.63,1698831.12,6608331.966,13769271.89
France,1984,5.45,30.81,63.75,1642774.112,6344934.838,14038654.86
France,1985,5.47,30.49,64.04,1585639.773,6159997.686,14111551.47
France,1986,5.33,30.28,64.4,1534551.128,6072384.254,14332437.18
France,1987,5,29.94,65.06,1476537.629,5963969.1,14665982.81
France,1988,4.69,30.05,65.26,1420838.517,5927442.113,14959214.53
France,1989,5.12,29.66,65.22,1363824.989,5978264.131,15340701.7
France,1990,5.12,29.3,65.58,1300400,5987200,15575800
France,1991,4.17,28.97,66.85,1242200,5892800,15752600
France,1992,4.26,28.41,67.33,1190400,5684700,15879000
France,1993,4,26.79,69.21,1134000,5386700,15940400
France,1994,4.33,26.23,69.44,1084300,5229500,16181200
France,1995,4.32,26.35,69.33,1051100,5230900,16411900
France,1996,4.29,25.45,70.25,1026600,5153200,16599700
France,1997,4.19,25.48,70.32,1011300,5068300,16799900
France,1998,4.21,25.31,70.48,998800,5052900,17175500
France,1999,3.99,28.01,68,981500,5062200,17652600
France,2000,3.76,28.29,67.94,961100,5157300,18214200
France,2001,3.81,27.84,68.35,945300,5228000,18591300
France,2002,3.61,26.78,69.61,928300,5177300,18813500
France,2003,3.32,26.2,70.48,912200,5103600,18934000
France,2004,3.33,26.08,70.6,905600,5022400,19048700
France,2005,3.14,26.19,70.67,895918.1748,5011346.622,19204600.38
France,2006,2.91,26.06,71.03,875656.2107,5018736.256,19455915.15
France,2007,3.09,26.46,70.45,851903.7098,5051018.547,19785540.03
France,2008,2.86,26.23,70.91,,,
France,2009,2.46,24.31,73.23,,,
France,2010,2.88,23.29,73.83,,,
France,2011,2.91,23.11,73.98,,,
Japan,1872,,,,14495000,833000,1746000
Japan,1880,,,,16076000,1290000,2175000
Japan,1885,42.94,13.93,43.12,,,
Japan,1886,42.09,14.83,43.07,,,
Japan,1887,40.01,16.69,43.3,,,
Japan,1888,38.35,17.36,44.29,,,
Japan,1889,37.32,19.2,43.48,,,
Japan,1890,46.04,14.6,39.36,17198000,2340000,3045000
Japan,1891,42.02,15.77,42.2,,,
Japan,1892,42.16,15.39,42.45,,,
Japan,1893,40.63,16.7,42.67,,,
Japan,1894,43.14,15.91,40.95,,,
Japan,1895,40.72,17.4,41.87,,,
Japan,1896,38.24,19.79,41.97,,,
Japan,1897,36.94,21.37,41.69,,,
Japan,1898,43.43,18.85,37.72,,,
Japan,1899,37.63,22.5,39.87,,,
Japan,1900,37.73,20.47,41.8,17331000,3427000,4010000
Japan,1901,37.66,20.56,41.78,,,
Japan,1902,35.71,20.28,44.01,,,
Japan,1903,39.35,19.14,41.51,,,
Japan,1904,38.57,17.81,43.62,,,
Japan,1905,31.47,20.44,48.09,,,
Japan,1906,34.3,22.37,43.32,,,
Japan,1907,36.33,24.09,39.58,,,
Japan,1908,35.76,22.69,41.55,,,
Japan,1909,32.69,24.16,43.16,,,
Japan,1910,30.84,25.33,43.83,16489000,4619000,5061000
Japan,1911,35.1,22.92,41.97,,,
Japan,1912,36.65,22.96,40.39,,,
Japan,1913,35.95,24.63,39.42,,,
Japan,1914,30.51,27.03,42.46,,,
Japan,1915,27.77,29.93,42.3,,,
Japan,1916,26.7,32.6,40.71,,,
Japan,1917,27.65,32.93,39.42,,,
Japan,1918,31.57,34.13,34.3,,,
Japan,1919,35.06,30.45,34.49,,,
Japan,1920,29.52,29.87,40.6,14441000,5668000,6445000
Japan,1921,28.31,27.85,43.83,,,
Japan,1922,25.11,29.21,45.69,,,
Japan,1923,25.88,29.1,45.02,,,
Japan,1924,26.65,28.86,44.49,,,
Japan,1925,26.92,28.77,44.31,,,
Japan,1926,23.62,29.39,46.99,,,
Japan,1927,23.35,30.22,46.43,,,
Japan,1928,20.92,31.96,47.12,,,
Japan,1929,20.45,33.94,45.62,,,
Japan,1930,16.56,34,49.43,14489000,6117000,8056000
Japan,1931,15.49,34.45,50.07,,,
Japan,1932,17.35,34.72,47.93,,,
Japan,1933,18.75,35.14,46.1,,,
Japan,1934,16.2,36.73,47.07,,,
Japan,1935,17.31,38.24,44.45,,,
Japan,1936,18.14,39.5,42.36,,,
Japan,1937,17.83,41.25,40.92,,,
Japan,1938,16.21,46.05,37.74,,,
Japan,1939,19.21,47.05,33.74,,,
Japan,1940,18.31,48.15,33.54,15417000,8563000,9027000
Japan,1950,,,,17158000,8100000,10382000
Japan,1953,17.12,36.71,46.17,17081689.87,9453817.654,14196613.58
Japan,1954,17.15,34.87,47.98,16569955.6,9742288.935,14903398.21
Japan,1955,18.37,32.72,48.91,16928169.58,9899853.259,15764527.38
Japan,1956,15.64,35.53,48.83,16560275.46,10569274.17,16491093.63
Japan,1957,14.92,36.4,48.68,16309301.1,11543690.58,17246142.33
Japan,1958,14.4,35.28,50.32,15737805.29,12197838.52,17986076.11
Japan,1959,13.62,36.76,49.62,15167317.41,12686762.87,18604803.06
Japan,1960,12.23,39.21,48.56,15057453.14,13486464.12,19335568.49
Japan,1961,11.41,39.72,48.86,14645210.13,14337073.54,20060201.03
Japan,1962,10.86,38.96,50.18,14220871.97,15128892.61,20912496.09
Japan,1963,10.12,39.2,50.69,13442750.68,15571945.86,22072563.64
Japan,1964,9.09,39.63,51.28,12898468.96,16147960.17,23112852.37
Japan,1965,9.1,38.33,52.57,12433813.63,16597646.18,24087359.07
Japan,1966,8.71,37.54,53.74,12127403.18,17006263.52,25200130.98
Japan,1967,8.57,38.54,52.89,11889531.91,17857048.98,25967374.47
Japan,1968,7.57,39.27,53.16,11609327.61,18065219.39,26590224.71
Japan,1969,6.71,40.44,52.85,11335170.89,18465623.41,27302276.76
Japan,1970,5.69,41.41,52.89,10821127.04,18698328.11,27912011.75
Japan,1971,4.94,41.01,54.05,10036958.19,19017920.03,28851196.31
Japan,1972,5.08,40.44,54.48,9553152.208,19184251.97,29379725.04
Japan,1973,5.45,40.8,53.75,9104623.749,20068159.58,30367436.94
Japan,1974,5.1,39.03,55.87,8878847.626,19850682.72,30846130.71
Japan,1975,5.04,36.61,58.35,8686333.164,19169640.36,31604650
Japan,1976,4.88,36.53,58.59,8509945.567,19227868.28,32237463.78
Japan,1977,4.7,35.81,59.49,8432335.025,19145078.25,33010901.37
Japan,1978,4.31,36.23,59.46,8328518.326,19147333,33492077.34
Japan,1979,4.06,36.3,59.63,8039242.668,19264940.67,34130660.04
Japan,1980,3.43,36.06,60.51,7625991.728,19608959,34654679.2
Japan,1981,3.31,36.29,60.4,7387112.527,19675315.33,35283332.77
Japan,1982,3.21,35.8,61,7245980.583,19535444.33,35908209.84
Japan,1983,3.18,35.05,61.77,7009441.55,19704813.89,36562363.4
Japan,1984,3.14,35.74,61.11,6743482.115,19777857.43,36768650.85
Japan,1985,3.06,35.94,61,6651197.537,19861261.58,36842999.19
Japan,1986,2.9,35.35,61.75,6424279,19815019.42,37214703.22
Japan,1987,2.72,35.22,62.06,6255876.319,19648642.86,37530385.29
Japan,1988,2.56,35.73,61.71,6040229.021,20256497.31,37765116.49
Japan,1989,2.5,35.95,61.56,5846183.346,20774615.33,38046593.8
Japan,1990,2.44,36.47,61.08,5650116.988,21054788.32,38624341.1
Japan,1991,2.29,36.7,61.01,5462146.364,21602656.54,39274351.94
Japan,1992,2.21,36.28,61.51,5332166.678,21769095.26,39798119.99
Japan,1993,2.06,35.74,62.2,5034213.243,21482202.21,40491097.63
Japan,1994,2.14,34.76,63.1,4896234.806,21147425.65,40848793.06
Japan,1995,1.94,34.63,63.43,4792251.057,20680371.29,41385126.86
Japan,1996,1.98,34.35,63.67,4576648.119,20490531.83,41839546.02
Japan,1997,1.83,34.05,64.13,4413263.843,20521439.47,42438972.99
Japan,1998,1.94,33.08,64.98,4237277.523,19636495.33,42705857.18
Japan,1999,1.9,32.41,65.69,4051128.922,19127676.07,42484792.63
Japan,2000,1.81,32.22,65.98,3866799.455,18779244.2,42606536.87
Japan,2001,1.75,30.73,67.52,3697836.422,18200357.99,42861385.48
Japan,2002,1.76,30.05,68.19,3460497.75,17464319.2,42822758
Japan,2003,1.73,30.13,68.15,3433042.384,17080565.31,43022959.73
Japan,2004,1.66,30.53,67.81,3371499.921,16656791.17,43648262.28
Japan,2005,1.55,30.47,67.98,3343371.126,16448997.46,44124182.06
Japan,2006,1.51,30.24,68.25,3250386.839,16529746.92,44417304.24
Japan,2007,1.49,30.45,68.06,3250818.943,16517317.39,44670126.79
Japan,2008,1.51,29.75,68.73,3189429.376,15620365.77,44235216.65
Japan,2009,1.52,27.9,70.58,2952837.23,13726583.99,41449802.78
Japan,2010,1.54,29.58,68.88,2852172.324,13376766.81,41824336.75
Japan,2011,1.52,28.57,69.91,2785062.387,13269731.73,42150651.61
Japan,2012,,,,2684397.482,13143980.22,42178352.39
Netherlands,1807,24.4,29.19,46.41,374533,227690,267644
Netherlands,1808,21.75,31.08,47.18,,,
Netherlands,1809,26.47,27.57,45.95,,,
Netherlands,1815,25,24.26,50.74,,,
Netherlands,1816,26.6,24.54,48.86,,,
Netherlands,1817,28.88,21.34,49.78,,,
Netherlands,1818,26.86,23.6,49.54,,,
Netherlands,1819,27.02,23,49.98,,,
Netherlands,1820,25.72,25.63,48.65,,,
Netherlands,1821,21.69,28.05,50.26,,,
Netherlands,1822,19.89,29.08,51.03,,,
Netherlands,1823,20.41,29.82,49.76,,,
Netherlands,1824,19.54,28.42,52.04,,,
Netherlands,1825,21.54,27.47,51,,,
Netherlands,1826,22.27,27.79,49.94,,,
Netherlands,1827,24.09,28.93,46.98,,,
Netherlands,1828,21.61,29.76,48.63,,,
Netherlands,1829,23.11,29.38,47.51,,,
Netherlands,1830,23.81,29.63,46.55,,,
Netherlands,1831,24.93,26.56,48.51,,,
Netherlands,1832,23.14,24.7,52.16,,,
Netherlands,1833,21.65,27.6,50.75,,,
Netherlands,1834,20.19,29.49,50.33,,,
Netherlands,1835,22.17,30.66,47.17,,,
Netherlands,1836,21.41,30.41,48.18,,,
Netherlands,1837,21.97,31.5,46.52,,,
Netherlands,1838,22.23,31.3,46.47,,,
Netherlands,1839,23.88,28.57,47.55,,,
Netherlands,1840,25.02,30.08,44.9,,,
Netherlands,1841,22.07,31.88,46.05,,,
Netherlands,1842,24.66,30.18,45.16,,,
Netherlands,1843,24.59,29.24,46.17,,,
Netherlands,1844,22.39,29.06,48.56,,,
Netherlands,1845,23.11,29.96,46.93,,,
Netherlands,1846,26.19,27.82,45.99,,,
Netherlands,1847,30.92,24.12,44.96,,,
Netherlands,1848,25.48,27.87,46.65,,,
Netherlands,1849,24.35,27.19,48.46,506002,389350,360855
Netherlands,1850,24.95,26.06,48.99,,,
Netherlands,1851,26.56,24.75,48.7,,,
Netherlands,1852,26.24,24.49,49.27,,,
Netherlands,1853,28.48,24.5,47.03,,,
Netherlands,1854,31.12,23.8,45.08,,,
Netherlands,1855,30.88,22.93,46.19,,,
Netherlands,1856,31.86,21.75,46.4,,,
Netherlands,1857,28.32,24.46,47.23,,,
Netherlands,1858,26.05,24.33,49.62,,,
Netherlands,1859,27.58,22.94,49.48,536130,415480,375301
Netherlands,1860,29.13,23.42,47.45,,,
Netherlands,1861,25.67,23.83,50.5,,,
Netherlands,1862,28.6,22.35,49.05,,,
Netherlands,1863,25.46,25.07,49.48,,,
Netherlands,1864,25.6,24.05,50.35,,,
Netherlands,1865,25.9,24.54,49.57,,,
Netherlands,1866,28.05,22.76,49.18,,,
Netherlands,1867,27.3,23.74,48.96,,,
Netherlands,1868,28.88,22.28,48.84,,,
Netherlands,1869,29.93,22.49,47.58,,,
Netherlands,1870,28.91,24.02,47.07,,,
Netherlands,1871,28.01,23.98,48.01,,,
Netherlands,1872,25.99,26.95,47.05,,,
Netherlands,1873,24.19,29.68,46.13,,,
Netherlands,1874,25.94,29.18,44.87,,,
Netherlands,1875,25.56,29.21,45.23,,,
Netherlands,1876,26.44,29.23,44.32,,,
Netherlands,1877,25.6,30.83,43.57,,,
Netherlands,1878,25.48,30.05,44.46,,,
Netherlands,1879,23.15,30.32,46.53,,,
Netherlands,1880,25.83,28.8,45.37,,,
Netherlands,1881,23.42,30.99,45.59,,,
Netherlands,1882,23.64,31.78,44.58,,,
Netherlands,1883,23.65,30.47,45.89,,,
Netherlands,1884,22.8,29.96,47.25,,,
Netherlands,1885,21.84,31.05,47.11,,,
Netherlands,1886,22.16,30.62,47.22,,,
Netherlands,1887,21.18,30.99,47.82,,,
Netherlands,1888,19.56,32.81,47.63,,,
Netherlands,1889,20.84,32.06,47.11,633448,547810,553776
Netherlands,1890,20.26,30.45,49.29,,,
Netherlands,1891,19.8,30.42,49.78,,,
Netherlands,1892,20.02,29.98,50,,,
Netherlands,1893,19.31,29.05,51.64,,,
Netherlands,1894,18.51,31.89,49.61,,,
Netherlands,1895,19.19,29.55,51.26,,,
Netherlands,1896,19.2,30.81,49.98,,,
Netherlands,1897,18.42,31.67,49.91,,,
Netherlands,1898,18.95,30.92,50.14,,,
Netherlands,1899,18.47,31.54,49.99,681674,652111,665487
Netherlands,1900,18.22,31.93,49.85,,,
Netherlands,1901,19.09,31.73,49.18,,,
Netherlands,1902,19.08,31.56,49.35,,,
Netherlands,1903,17.94,32.7,49.36,,,
Netherlands,1904,18,32.65,49.35,,,
Netherlands,1905,17.75,32.77,49.48,,,
Netherlands,1906,17.18,32.3,50.53,,,
Netherlands,1907,17.11,32.28,50.61,,,
Netherlands,1908,17.29,32.22,50.48,,,
Netherlands,1909,17.92,31.59,50.49,699689,789056,814840
Netherlands,1910,18.54,31.33,50.13,,,
Netherlands,1911,18.33,30.94,50.72,,,
Netherlands,1912,16.71,31.46,51.83,,,
Netherlands,1913,15.23,32.65,52.12,,,
Netherlands,1920,,,,641000,968000,1109000
Netherlands,1930,,,,656000,1159000,1496000
Netherlands,1947,,,,747000,1425000,1832000
Netherlands,1949,,,,637150.1541,1451712.032,2198909.579
Netherlands,1960,,,,479205.6808,1763397.719,2589058.469
Netherlands,1961,,,,475982.3242,1809842.133,2638989.376
Netherlands,1962,,,,453418.828,1843221.566,2686545.002
Netherlands,1963,,,,439450.9494,1888475.236,2720293.382
Netherlands,1964,,,,422259.7143,1912890.652,2767505.745
Netherlands,1965,,,,397547.3137,1908489.362,2833550.524
Netherlands,1966,,,,386802.7917,1852134.646,2889533.83
Netherlands,1967,,,,358867.0345,1863093.175,2964734.024
Netherlands,1968,,,,334154.6339,1873003.104,3075195.646
Netherlands,1969,,,,320186.7553,1882296.421,3133449.007
Netherlands,1970,6.3,37.5,56.2,314265.6206,1855014.647,3214411.029
Netherlands,1971,5.92,37.2,56.88,311506.9316,1792186.986,3211291.394
Netherlands,1972,5.88,36.87,57.24,307090.6187,1778917.627,3251189.698
Netherlands,1973,5.81,36.87,57.32,304864.3572,1754928.878,3315723.491
Netherlands,1974,5.1,37.05,57.85,302065.2152,1707602.23,3332588.072
Netherlands,1975,5.32,35.49,59.19,300760.282,1671105.8,3384838.527
Netherlands,1976,5.32,35.72,58.96,296322.1576,1657468.751,3420390.805
Netherlands,1977,4.96,35.17,59.87,292738.3572,1654215.919,3497971.726
Netherlands,1978,4.76,34.12,61.12,288440.9417,1663499.242,3598035.433
Netherlands,1979,4.39,33.92,61.7,288319.713,1646916.737,3712577.023
Netherlands,1980,4.3,34.37,61.33,284889.2852,1573453.107,3746567.371
Netherlands,1981,4.86,34.42,60.72,285604.4921,1492058.955,3723816.938
Netherlands,1982,5.01,33.92,61.07,288611.5464,1420996.54,3752983.677
Netherlands,1983,4.84,33.96,61.19,291394.5601,1406587.925,3877760.969
Netherlands,1984,4.83,35.02,60.15,292195.5953,1420798.407,4003505.086
Netherlands,1985,4.77,35.43,59.8,290888.0028,1454696.588,4155549.658
Netherlands,1986,4.95,33.01,62.04,290267.4429,1472044.196,4267666.264
Netherlands,1987,4.8,31.18,64.02,291254.7471,1484307.717,4356657.271
Netherlands,1988,4.77,31.67,63.56,292242.0513,1510742.731,4490197.49
Netherlands,1989,5.16,31.67,63.17,287305.5302,1542152.896,4648707.608
Netherlands,1990,5.02,31.7,63.28,289280.1386,1563645.38,4747674.795
Netherlands,1991,4.9,31.33,63.77,295203.964,1543087.161,4853268.044
Netherlands,1992,4.62,30.33,65.05,292242.0513,1507720.366,4915448.142
Netherlands,1993,4.09,29.95,65.96,284343.6175,1469862.886,4998085.586
Netherlands,1994,4.17,29.78,66.05,279484.4328,1476964.932,5135484.198
Netherlands,1995,4.09,30.07,65.83,283078,1466584,5280120
Netherlands,1996,3.9,29.69,66.41,286718,1456623,5442308
Netherlands,1997,4.12,28.95,66.93,291302,1487251,5628745
Netherlands,1998,3.56,28.39,68.05,279191,1504252,5812298
Netherlands,1999,3.2,27.62,69.18,280138,1521344,5994555
Netherlands,2000,3.17,28.3,68.53,279912,1541602,6149985
Netherlands,2001,3.05,27.76,69.19,283035,1545029,6305225
Netherlands,2002,2.74,26.46,70.79,282997,1519556,6363451
Netherlands,2003,2.75,25.92,71.33,278378,1466845,6380017
Netherlands,2004,2.53,26.21,71.26,271010,1430770,6351326
Netherlands,2005,2.46,26.35,71.2,265968,1410710,6414221
Netherlands,2006,2.61,26.97,70.41,261595,1416144,6551461
Netherlands,2007,2.49,27.24,70.27,258834,1426124,6753732
Netherlands,2008,2.16,28.21,69.63,253760.8679,1455493.556,6854724.949
Netherlands,2009,1.99,24.92,73.09,255746.6579,1433222.44,6826500.418
Netherlands,2010,2.25,24.74,73.01,254078.5679,1395651.049,6870999.528
Netherlands,2011,2.05,25.97,71.98,252394.4413,1409108.2,6990700.835
South Korea,1911,67.3,7.19,25.51,,,
South Korea,1912,68.22,6.67,25.11,,,
South Korea,1913,69.05,6.68,24.27,,,
South Korea,1914,66.1,7.96,25.94,,,
South Korea,1915,61.88,9.68,28.44,,,
South Korea,1916,63.33,9.41,27.27,,,
South Korea,1917,65.29,8.95,25.77,,,
South Korea,1918,66.79,9.15,24.07,,,
South Korea,1919,62.34,10.07,27.59,,,
South Korea,1920,64.36,8.76,26.88,,,
South Korea,1921,57.55,11.26,31.18,,,
South Korea,1922,59.37,10.7,29.93,,,
South Korea,1923,58.55,10.99,30.46,,,
South Korea,1924,59.6,10.63,29.77,,,
South Korea,1925,60.28,10.46,29.26,,,
South Korea,1926,58,11.41,30.59,,,
South Korea,1927,56.93,11.82,31.25,,,
South Korea,1928,52.88,13.14,33.98,,,
South Korea,1929,51.4,13.46,35.14,,,
South Korea,1930,46.6,16.08,37.33,,,
South Korea,1931,46.9,16.95,36.15,,,
South Korea,1932,49.2,16.45,34.34,,,
South Korea,1933,48.49,17.51,34,,,
South Korea,1934,49.04,17.2,33.76,,,
South Korea,1935,49.35,18.19,32.46,,,
South Korea,1936,43.92,22.41,33.67,,,
South Korea,1937,46.41,22.77,30.82,,,
South Korea,1938,41.9,26.25,31.86,,,
South Korea,1939,38.88,28.09,33.03,,,
South Korea,1940,40.85,27.54,31.61,,,
South Korea,1953,46.54,12.67,40.8,,,
South Korea,1954,39.66,15.55,44.79,,,
South Korea,1955,44.89,16.01,39.09,6436000,628000,908000
South Korea,1956,47.07,15.95,36.98,,,
South Korea,1957,44.08,16.6,39.31,,,
South Korea,1958,39.78,17.98,42.24,,,
South Korea,1959,33.31,19.65,47.04,,,
South Korea,1960,35.12,19.5,45.38,,,
South Korea,1961,38.42,19.21,42.37,,,
South Korea,1962,35.05,20.8,44.15,,,
South Korea,1963,41.41,18.52,40.07,4609264.821,865298.1295,1974386.964
South Korea,1964,45.75,19.64,34.61,4597829.804,878849.9816,2111036.647
South Korea,1965,38.67,22.33,39.01,4583536.032,1093331.247,2320030.28
South Korea,1966,35.33,22.6,42.07,4646428.627,1128714.458,2436584.421
South Korea,1967,31.28,23.05,45.68,4584488.95,1382525.376,2544095.569
South Korea,1968,27.99,24.68,47.33,4574959.77,1607609.305,2769165.635
South Korea,1969,28.5,25.64,45.85,4597829.804,1693415.605,2919882.197
South Korea,1970,27.75,26.54,45.72,4617841.084,1668836.778,3128273.67
South Korea,1971,28.1,25.72,46.18,4646428.627,1789329.027,3430308.221
South Korea,1972,27.58,26.27,46.15,5094300.131,1908622.264,3337388.568
South Korea,1973,25.87,29.28,44.85,5306800.866,2214194.163,3393950.546
South Korea,1974,25.73,30.38,43.9,5321094.637,2537596.813,3506563.111
South Korea,1975,25.9,30.99,43.11,5169580.66,2803819.817,3646150.573
South Korea,1976,24.64,32.21,43.15,5337294.245,3305696.669,3700447.434
South Korea,1977,23.66,33.22,43.12,5150522.298,3559311.794,4017443.578
South Korea,1978,22.04,35.57,42.39,4937068.645,3981189.187,4386565.096
South Korea,1979,20.6,37.08,42.32,4656910.726,4111436.673,4727062.659
South Korea,1980,16.01,37.82,46.17,4438692.482,3972601.421,5136542.89
South Korea,1981,16.74,37,46.26,4574959.77,3893384.988,5391240.236
South Korea,1982,15.65,36.94,47.4,4394858.25,4010190.553,5824897.766
South Korea,1983,14.39,38.31,47.31,4111841.576,4231314.753,6028579.842
South Korea,1984,13.6,38.71,47.69,3729721.42,4435589.845,6151910.338
South Korea,1985,13.53,37.87,48.6,3557243.245,4610823.619,6701050.006
South Korea,1986,12.05,38.81,49.14,3489586.06,4944642.573,6977885.494
South Korea,1987,10.94,39.79,49.27,3411446.777,5572524.419,7291016.177
South Korea,1988,10.95,40.62,48.43,3319013.722,5888602.533,7597242.336
South Korea,1989,10.26,40.26,49.48,3258979.882,6137838.774,8067691.502
South Korea,1990,9.31,41.4,49.29,3068446.154,6360225.629,8574472.616
South Korea,1991,8.39,42.84,48.77,2897818.935,6674092.44,9038037.675
South Korea,1992,8.17,41.86,49.97,2841891.124,6612889.154,9493572.515
South Korea,1993,7.43,42.25,50.32,2700649.704,6444604.622,10115295.35
South Korea,1994,7.29,42.11,50.6,2588794.083,6561634.432,10701766.82
South Korea,1995,6.95,42.64,50.41,2403000,6757000,11238000
South Korea,1996,6.58,42.09,51.34,2323000,6731000,11783000
South Korea,1997,6.02,41.81,52.17,2285000,6590000,12326000
South Korea,1998,5.61,40.98,53.41,2397000,5517000,12004000
South Korea,1999,5.76,40.66,53.58,2302000,5521000,12454000
South Korea,2000,5.24,40.6,54.15,2243000,5890000,13003000
South Korea,2001,4.97,39.09,55.93,2148000,5870000,13539000
South Korea,2002,4.6,39.31,56.09,2069000,6005000,14078000
South Korea,2003,4.29,39.76,55.95,1950000,6038000,14129000
South Korea,2004,4.28,41.42,54.3,1825000,6126000,14583000
South Korea,2005,3.84,41.21,54.95,1815000,6065000,14950000
South Korea,2006,3.65,40.68,55.66,1785000,6020000,15328000
South Korea,2007,3.34,40.87,55.79,1726000,5987000,15705000
South Korea,2008,3.12,41.28,55.6,1736531.575,6023531.021,15800827.57
South Korea,2009,3.01,40.79,56.2,1731302.611,6005393.241,15753248.85
South Korea,2010,2.86,42.85,54.29,1645378.237,6245267.311,15938485.22
South Korea,2011,2.92,43.35,53.73,,,
Spain,1850,37.41,17.19,45.4,,,
Spain,1851,36.96,18.23,44.81,,,
Spain,1852,35.28,19.53,45.19,,,
Spain,1853,44.47,15.78,39.76,,,
Spain,1854,43.41,16.05,40.54,,,
Spain,1855,48.52,15.12,36.36,,,
Spain,1856,41.67,18.55,39.78,,,
Spain,1857,38.85,19.7,41.45,,,
Spain,1858,38.08,20.86,41.06,,,
Spain,1859,39.32,20.85,39.83,,,
Spain,1860,39.46,20.44,40.1,5266000,1190000,1009000
Spain,1861,39.64,20.65,39.7,,,
Spain,1862,39.09,21.42,39.48,,,
Spain,1863,39.17,21.94,38.88,,,
Spain,1864,37.58,22.16,40.26,,,
Spain,1865,38.32,21.55,40.14,,,
Spain,1866,39.64,20.82,39.54,,,
Spain,1867,42.16,20.02,37.82,,,
Spain,1868,35.7,21.41,42.89,,,
Spain,1869,33.64,22.89,43.47,,,
Spain,1870,38.27,20.9,40.83,,,
Spain,1871,39.04,21.26,39.71,,,
Spain,1872,42.26,20.79,36.95,,,
Spain,1873,40.3,22.47,37.23,,,
Spain,1874,38.65,20.88,40.47,,,
Spain,1875,36.82,21.76,41.43,,,
Spain,1876,40.34,21.09,38.57,,,
Spain,1877,42.38,21.8,35.82,5045000,898000,1244000
Spain,1878,42.44,21.29,36.27,,,
Spain,1879,40.68,22.65,36.67,,,
Spain,1880,39.38,24.72,35.89,,,
Spain,1881,38.53,26.37,35.1,,,
Spain,1882,38.74,26.59,34.66,,,
Spain,1883,38.11,26.96,34.92,,,
Spain,1884,38.59,25.55,35.87,,,
Spain,1885,38.25,25.89,35.85,,,
Spain,1886,40.01,24.69,35.3,,,
Spain,1887,35.84,26.03,38.14,4854000,1116000,1026000
Spain,1888,37.4,26.69,35.92,,,
Spain,1889,34.31,26.49,39.2,,,
Spain,1890,33.61,27.99,38.4,,,
Spain,1891,33.25,29,37.74,,,
Spain,1892,33.37,28.08,38.55,,,
Spain,1893,31.07,29.19,39.74,,,
Spain,1894,31.59,28.53,39.89,,,
Spain,1895,32.59,28.33,39.07,,,
Spain,1896,30.54,28.25,41.21,,,
Spain,1897,35.3,25.83,38.87,,,
Spain,1898,32.76,27.47,39.77,,,
Spain,1899,30.4,29.1,40.5,,,
Spain,1900,29.89,30.28,39.83,5139000,1027000,1377000
Spain,1901,33.21,29.03,37.76,,,
Spain,1902,31.29,28.31,40.4,,,
Spain,1903,31.95,28.91,39.14,,,
Spain,1904,31.72,29.53,38.75,,,
Spain,1905,32.09,28.16,39.75,,,
Spain,1906,31.64,28.89,39.46,,,
Spain,1907,33.01,30.18,36.81,,,
Spain,1908,30.39,30.07,39.54,,,
Spain,1909,32.67,28.47,38.86,,,
Spain,1910,27.85,30.73,41.42,4220000,1034000,1078000
Spain,1911,31.14,29.1,39.76,,,
Spain,1912,26.91,31.83,41.26,,,
Spain,1913,29.08,30.51,40.41,,,
Spain,1914,27.71,30.01,42.27,,,
Spain,1915,33.02,28.63,38.35,,,
Spain,1916,31.98,30.7,37.32,,,
Spain,1917,29.48,30.92,39.6,,,
Spain,1918,30.31,30.39,39.3,,,
Spain,1919,32.13,28.48,39.39,,,
Spain,1920,31.93,30.2,37.87,4538000,1695000,1466000
Spain,1921,28.87,30.01,41.12,,,
Spain,1922,29.44,29.44,41.11,,,
Spain,1923,25.9,31.63,42.47,,,
Spain,1924,26.48,31.79,41.73,,,
Spain,1925,27.53,30.78,41.68,,,
Spain,1926,24.52,32.55,42.93,,,
