Entity,Year,Underweight (NCDRisC (2017)),Healthy (NCDRisC (2017)),Overweight (NCDRisC (2017)),Obese (NCDRisC (2017)),Overweight or Obese (NCDRisC (2017))
Afghanistan,1975,29.5,63.4,6.7,0.4,7.1
Afghanistan,1976,29.4,63.4,6.7,0.4,7.1
Afghanistan,1977,29.3,63.5,6.8,0.4,7.2
Afghanistan,1978,29.1,63.6,6.8,0.4,7.3
Afghanistan,1979,29,63.7,6.9,0.5,7.3
Afghanistan,1980,28.8,63.7,7,0.5,7.4
Afghanistan,1981,28.7,63.8,7,0.5,7.5
Afghanistan,1982,28.4,63.9,7.2,0.5,7.7
Afghanistan,1983,28.2,64,7.3,0.5,7.8
Afghanistan,1984,27.9,64,7.5,0.6,8
Afghanistan,1985,27.7,64.1,7.6,0.6,8.2
Afghanistan,1986,27.4,64.2,7.8,0.6,8.4
Afghanistan,1987,27.2,64.2,8,0.6,8.6
Afghanistan,1988,26.9,64.3,8.1,0.7,8.8
Afghanistan,1989,26.7,64.3,8.3,0.7,9
Afghanistan,1990,26.5,64.4,8.4,0.7,9.1
Afghanistan,1991,26.3,64.5,8.5,0.7,9.2
Afghanistan,1992,26.1,64.6,8.5,0.7,9.3
Afghanistan,1993,25.9,64.8,8.6,0.8,9.3
Afghanistan,1994,25.7,65,8.6,0.8,9.3
Afghanistan,1995,25.5,65.2,8.6,0.8,9.4
Afghanistan,1996,25.2,65.4,8.6,0.8,9.4
Afghanistan,1997,25,65.5,8.7,0.8,9.5
Afghanistan,1998,24.8,65.7,8.7,0.8,9.5
Afghanistan,1999,24.5,65.9,8.8,0.8,9.6
Afghanistan,2000,24.3,66,8.9,0.8,9.7
Afghanistan,2001,24.1,66.2,8.9,0.9,9.8
Afghanistan,2002,23.8,66.2,9,0.9,9.9
Afghanistan,2003,23.6,66.3,9.1,0.9,10.1
Afghanistan,2004,23.4,66.4,9.3,1,10.2
Afghanistan,2005,23.2,66.4,9.4,1,10.4
Afghanistan,2006,23,66.4,9.6,1,10.6
Afghanistan,2007,22.7,66.4,9.8,1.1,10.9
Afghanistan,2008,22.5,66.4,9.9,1.2,11.1
Afghanistan,2009,22.3,66.3,10.2,1.2,11.4
Afghanistan,2010,22,66.2,10.4,1.3,11.7
Afghanistan,2011,21.8,66.1,10.7,1.4,12.1
Afghanistan,2012,21.5,66,11,1.5,12.5
Afghanistan,2013,21.3,65.9,11.3,1.6,12.9
Afghanistan,2014,21,65.7,11.5,1.7,13.2
Albania,1975,2.6,63.7,29.1,4.5,33.6
Albania,1976,2.6,63.4,29.4,4.6,34
Albania,1977,2.5,63,29.7,4.8,34.5
Albania,1978,2.4,62.7,29.9,5,34.9
Albania,1979,2.4,62.3,30.2,5.1,35.3
Albania,1980,2.3,62,30.4,5.3,35.7
Albania,1981,2.3,61.7,30.6,5.5,36.1
Albania,1982,2.2,61.3,30.8,5.6,36.4
Albania,1983,2.2,61,31,5.8,36.9
Albania,1984,2.1,60.6,31.3,6,37.2
Albania,1985,2.1,60.3,31.5,6.2,37.6
Albania,1986,2,60,31.7,6.4,38
Albania,1987,2,59.6,31.9,6.5,38.4
Albania,1988,1.9,59.3,32,6.7,38.7
Albania,1989,1.9,59,32.2,6.9,39.1
Albania,1990,1.9,58.7,32.4,7.1,39.5
Albania,1991,1.8,58.5,32.4,7.2,39.6
Albania,1992,1.8,58.4,32.5,7.3,39.8
Albania,1993,1.7,58.1,32.7,7.5,40.2
Albania,1994,1.7,57.6,33,7.7,40.7
Albania,1995,1.6,57,33.4,7.9,41.3
Albania,1996,1.6,56.3,33.8,8.3,42.1
Albania,1997,1.5,55.6,34.3,8.6,42.8
Albania,1998,1.4,54.9,34.8,8.9,43.7
Albania,1999,1.4,54,35.3,9.3,44.6
Albania,2000,1.3,53.2,35.8,9.7,45.5
Albania,2001,1.3,52.3,36.3,10.2,46.5
Albania,2002,1.2,51.4,36.8,10.6,47.4
Albania,2003,1.1,50.6,37.2,11.1,48.3
Albania,2004,1.1,49.7,37.7,11.5,49.2
Albania,2005,1,48.9,38.1,12,50.1
Albania,2006,1,48,38.6,12.5,51
Albania,2007,0.9,47.1,39,13,52
Albania,2008,0.9,46.2,39.5,13.5,52.9
Albania,2009,0.8,45.3,39.9,14,53.9
Albania,2010,0.8,44.4,40.3,14.5,54.8
Albania,2011,0.7,43.5,40.7,15,55.8
Albania,2012,0.7,42.7,41.1,15.5,56.7
Albania,2013,0.6,41.8,41.5,16,57.5
Albania,2014,0.6,41,41.9,16.5,58.4
Algeria,1975,12.4,61.7,22.3,3.6,25.9
Algeria,1976,12.2,61.5,22.7,3.7,26.3
Algeria,1977,12,61.2,23,3.8,26.8
Algeria,1978,11.8,60.8,23.4,4,27.4
Algeria,1979,11.6,60.5,23.7,4.2,28
Algeria,1980,11.4,60.1,24.2,4.4,28.6
Algeria,1981,11.1,59.6,24.6,4.7,29.2
Algeria,1982,10.9,59.1,25.1,4.9,30
Algeria,1983,10.7,58.6,25.5,5.2,30.7
Algeria,1984,10.4,58.1,26,5.4,31.5
Algeria,1985,10.2,57.6,26.5,5.7,32.2
Algeria,1986,10,57.1,26.9,6,32.9
Algeria,1987,9.7,56.6,27.3,6.3,33.6
Algeria,1988,9.5,56.2,27.6,6.6,34.2
Algeria,1989,9.3,55.8,28,6.9,34.9
Algeria,1990,9.2,55.4,28.3,7.2,35.5
Algeria,1991,9,55,28.6,7.4,36.1
Algeria,1992,8.8,54.6,28.9,7.7,36.6
Algeria,1993,8.6,54.2,29.2,8,37.2
Algeria,1994,8.5,53.8,29.5,8.2,37.7
Algeria,1995,8.3,53.5,29.7,8.5,38.3
Algeria,1996,8.1,53.1,30,8.8,38.8
Algeria,1997,7.9,52.8,30.2,9.1,39.3
Algeria,1998,7.8,52.4,30.5,9.4,39.8
Algeria,1999,7.6,52.1,30.7,9.7,40.4
Algeria,2000,7.4,51.7,30.9,9.9,40.9
Algeria,2001,7.2,51.3,31.2,10.3,41.5
Algeria,2002,7,50.9,31.5,10.6,42.1
Algeria,2003,6.8,50.4,31.8,11,42.8
Algeria,2004,6.6,49.9,32.1,11.4,43.5
Algeria,2005,6.4,49.4,32.5,11.8,44.3
Algeria,2006,6.1,48.8,32.8,12.2,45.1
Algeria,2007,5.9,48.2,33.2,12.7,45.9
Algeria,2008,5.6,47.6,33.6,13.1,46.7
Algeria,2009,5.4,47.1,34,13.5,47.5
Algeria,2010,5.2,46.5,34.4,14,48.3
Algeria,2011,5,45.9,34.7,14.4,49.1
Algeria,2012,4.8,45.3,35.1,14.8,49.9
Algeria,2013,4.6,44.7,35.4,15.3,50.7
Algeria,2014,4.4,44.1,35.7,15.7,51.5
American Samoa,1975,0.5,34.4,35.8,29.2,65.1
American Samoa,1976,0.5,33.8,35.9,29.8,65.7
American Samoa,1977,0.5,33.3,35.9,30.4,66.2
American Samoa,1978,0.5,32.7,35.8,31,66.8
American Samoa,1979,0.5,32.2,35.8,31.6,67.4
American Samoa,1980,0.4,31.7,35.7,32.1,67.8
American Samoa,1981,0.4,31.3,35.6,32.7,68.3
American Samoa,1982,0.4,30.8,35.5,33.3,68.8
American Samoa,1983,0.4,30.4,35.4,33.9,69.2
American Samoa,1984,0.4,29.9,35.2,34.4,69.7
American Samoa,1985,0.4,29.5,35.1,35.1,70.2
American Samoa,1986,0.3,29,35,35.7,70.6
American Samoa,1987,0.3,28.6,34.8,36.3,71.1
American Samoa,1988,0.3,28.1,34.7,36.9,71.6
American Samoa,1989,0.3,27.6,34.5,37.6,72.1
American Samoa,1990,0.3,27.1,34.4,38.2,72.6
American Samoa,1991,0.3,26.6,34.2,38.8,73.1
American Samoa,1992,0.3,26.2,34.1,39.4,73.5
American Samoa,1993,0.3,25.8,34,40,74
American Samoa,1994,0.3,25.3,33.9,40.5,74.4
American Samoa,1995,0.3,24.9,33.8,41.1,74.8
American Samoa,1996,0.2,24.5,33.7,41.6,75.2
American Samoa,1997,0.2,24.1,33.6,42,75.6
American Samoa,1998,0.2,23.8,33.5,42.4,76
American Samoa,1999,0.2,23.5,33.5,42.8,76.3
American Samoa,2000,0.2,23.1,33.4,43.2,76.7
American Samoa,2001,0.2,22.8,33.4,43.6,77
American Samoa,2002,0.2,22.5,33.4,44,77.3
American Samoa,2003,0.2,22.2,33.3,44.3,77.6
American Samoa,2004,0.2,21.9,33.3,44.6,77.9
American Samoa,2005,0.2,21.7,33.3,44.9,78.2
American Samoa,2006,0.2,21.4,33.2,45.2,78.4
American Samoa,2007,0.2,21.2,33.2,45.5,78.7
American Samoa,2008,0.2,20.9,33.2,45.7,78.9
American Samoa,2009,0.2,20.7,33.2,46,79.1
American Samoa,2010,0.1,20.5,33.1,46.2,79.4
American Samoa,2011,0.1,20.3,33.1,46.5,79.6
American Samoa,2012,0.1,20,33,46.8,79.8
American Samoa,2013,0.1,19.8,33,47,80
American Samoa,2014,0.1,19.6,32.9,47.3,80.3
Andorra,1975,2.1,51.2,37.1,9.6,46.7
Andorra,1976,2,50.4,37.6,10,47.6
Andorra,1977,1.9,49.7,38,10.4,48.4
Andorra,1978,1.8,48.9,38.4,10.9,49.3
Andorra,1979,1.7,48.2,38.8,11.3,50.1
Andorra,1980,1.6,47.5,39.1,11.7,50.9
Andorra,1981,1.6,46.9,39.5,12.1,51.6
Andorra,1982,1.5,46.3,39.7,12.5,52.2
Andorra,1983,1.4,45.7,40,12.9,52.9
Andorra,1984,1.4,45.1,40.3,13.2,53.5
Andorra,1985,1.3,44.5,40.6,13.6,54.2
Andorra,1986,1.3,44,40.8,13.9,54.8
Andorra,1987,1.2,43.4,41.1,14.3,55.4
Andorra,1988,1.2,42.8,41.4,14.6,56
Andorra,1989,1.1,42.2,41.7,15,56.7
Andorra,1990,1.1,41.6,42,15.4,57.4
Andorra,1991,1,41,42.3,15.7,58
Andorra,1992,1,40.4,42.5,16.1,58.6
Andorra,1993,0.9,39.9,42.7,16.4,59.2
Andorra,1994,0.9,39.4,42.9,16.7,59.7
Andorra,1995,0.9,38.9,43.1,17.1,60.2
Andorra,1996,0.8,38.3,43.4,17.5,60.9
Andorra,1997,0.8,37.7,43.6,18,61.5
Andorra,1998,0.7,37,43.7,18.5,62.2
Andorra,1999,0.7,36.4,43.9,19,62.9
Andorra,2000,0.7,35.7,44.1,19.5,63.6
Andorra,2001,0.6,35.1,44.2,20.1,64.3
Andorra,2002,0.6,34.4,44.3,20.6,64.9
Andorra,2003,0.6,33.8,44.4,21.2,65.6
Andorra,2004,0.6,33.2,44.5,21.7,66.2
Andorra,2005,0.5,32.7,44.6,22.2,66.8
Andorra,2006,0.5,32.1,44.6,22.8,67.3
Andorra,2007,0.5,31.7,44.6,23.2,67.8
Andorra,2008,0.5,31.3,44.6,23.7,68.2
Andorra,2009,0.5,31,44.5,24,68.5
Andorra,2010,0.4,30.7,44.5,24.3,68.8
Andorra,2011,0.4,30.5,44.4,24.6,69.1
Andorra,2012,0.4,30.3,44.4,24.9,69.3
Andorra,2013,0.4,30.1,44.3,25.2,69.5
Andorra,2014,0.4,29.9,44.2,25.5,69.7
Angola,1975,22.6,69.2,7.6,0.5,8.2
Angola,1976,22.7,69.1,7.7,0.5,8.2
Angola,1977,22.7,69,7.7,0.6,8.3
Angola,1978,22.7,68.9,7.8,0.6,8.4
Angola,1979,22.7,68.8,7.9,0.6,8.5
Angola,1980,22.7,68.7,8,0.6,8.6
Angola,1981,22.7,68.6,8,0.7,8.7
Angola,1982,22.7,68.5,8.1,0.7,8.8
Angola,1983,22.7,68.4,8.2,0.7,8.9
Angola,1984,22.6,68.3,8.3,0.8,9.1
Angola,1985,22.5,68.2,8.5,0.8,9.3
Angola,1986,22.4,68.1,8.6,0.9,9.5
Angola,1987,22.3,68.1,8.8,0.9,9.7
Angola,1988,22.1,68,8.9,1,9.9
Angola,1989,22,67.9,9.1,1,10.1
Angola,1990,21.9,67.9,9.2,1.1,10.3
Angola,1991,21.7,67.8,9.3,1.1,10.5
Angola,1992,21.7,67.7,9.4,1.2,10.6
Angola,1993,21.6,67.7,9.4,1.2,10.6
Angola,1994,21.6,67.8,9.4,1.2,10.6
Angola,1995,21.6,67.7,9.4,1.2,10.7
Angola,1996,21.6,67.7,9.4,1.3,10.7
Angola,1997,21.6,67.6,9.5,1.3,10.8
Angola,1998,21.6,67.5,9.5,1.4,10.9
Angola,1999,21.5,67.4,9.6,1.4,11.1
Angola,2000,21.4,67.3,9.7,1.5,11.2
Angola,2001,21.4,67.2,9.9,1.6,11.5
Angola,2002,21.2,67,10.1,1.7,11.7
Angola,2003,21.1,66.9,10.3,1.8,12.1
Angola,2004,20.9,66.7,10.5,1.9,12.4
Angola,2005,20.6,66.5,10.8,2,12.9
Angola,2006,20.4,66.3,11.2,2.2,13.4
Angola,2007,20.1,66,11.5,2.4,14
Angola,2008,19.8,65.6,12,2.7,14.6
Angola,2009,19.4,65.3,12.4,2.9,15.3
Angola,2010,19.1,65,12.8,3.2,15.9
Angola,2011,18.7,64.7,13.2,3.4,16.6
Angola,2012,18.4,64.3,13.6,3.7,17.3
Angola,2013,18,64,14,4,18
Angola,2014,17.7,63.7,14.4,4.3,18.6
Antigua and Barbuda,1975,9.3,63.7,23.1,3.9,27
Antigua and Barbuda,1976,9.1,63.6,23.3,4,27.3
Antigua and Barbuda,1977,8.9,63.5,23.4,4.1,27.5
Antigua and Barbuda,1978,8.8,63.4,23.6,4.2,27.8
Antigua and Barbuda,1979,8.6,63.3,23.8,4.4,28.1
Antigua and Barbuda,1980,8.5,63.1,24,4.5,28.5
Antigua and Barbuda,1981,8.3,62.8,24.2,4.7,28.9
Antigua and Barbuda,1982,8.1,62.5,24.5,4.9,29.4
Antigua and Barbuda,1983,7.9,62.2,24.8,5.1,30
Antigua and Barbuda,1984,7.7,61.7,25.2,5.4,30.6
Antigua and Barbuda,1985,7.4,61.2,25.7,5.7,31.3
Antigua and Barbuda,1986,7.1,60.7,26.2,6,32.2
Antigua and Barbuda,1987,6.9,60.1,26.7,6.3,33.1
Antigua and Barbuda,1988,6.6,59.4,27.3,6.7,34
Antigua and Barbuda,1989,6.3,58.7,27.8,7.1,34.9
Antigua and Barbuda,1990,6.1,58,28.4,7.5,35.9
Antigua and Barbuda,1991,5.8,57.3,28.9,8,36.8
Antigua and Barbuda,1992,5.6,56.7,29.3,8.4,37.7
Antigua and Barbuda,1993,5.4,56,29.7,8.8,38.5
Antigua and Barbuda,1994,5.2,55.5,30.1,9.2,39.3
Antigua and Barbuda,1995,5.1,55,30.3,9.6,39.9
Antigua and Barbuda,1996,5,54.6,30.5,9.9,40.4
Antigua and Barbuda,1997,4.8,54.2,30.7,10.3,40.9
Antigua and Barbuda,1998,4.7,53.8,30.8,10.6,41.4
Antigua and Barbuda,1999,4.6,53.5,30.9,11,41.9
Antigua and Barbuda,2000,4.5,53.1,31,11.4,42.4
Antigua and Barbuda,2001,4.4,52.7,31,11.9,42.9
Antigua and Barbuda,2002,4.3,52.3,31.1,12.3,43.4
Antigua and Barbuda,2003,4.2,51.9,31.2,12.8,43.9
Antigua and Barbuda,2004,4,51.4,31.2,13.3,44.6
Antigua and Barbuda,2005,3.9,50.8,31.4,13.9,45.3
Antigua and Barbuda,2006,3.7,50,31.6,14.7,46.2
Antigua and Barbuda,2007,3.5,49.2,31.7,15.5,47.2
Antigua and Barbuda,2008,3.4,48.4,31.9,16.3,48.2
Antigua and Barbuda,2009,3.2,47.7,32,17.1,49.1
Antigua and Barbuda,2010,3.1,47,32,17.9,49.9
Antigua and Barbuda,2011,3,46.3,32.1,18.6,50.7
Antigua and Barbuda,2012,2.8,45.6,32.1,19.4,51.5
Antigua and Barbuda,2013,2.7,44.9,32.1,20.2,52.3
Antigua and Barbuda,2014,2.6,44.2,32.1,21.1,53.2
Argentina,1975,2.2,53.8,32.9,11.1,44
Argentina,1976,2.1,53.3,33.2,11.4,44.6
Argentina,1977,2,52.9,33.5,11.6,45.1
Argentina,1978,1.9,52.4,33.8,11.9,45.6
Argentina,1979,1.8,51.9,34,12.2,46.2
Argentina,1980,1.8,51.4,34.3,12.5,46.8
Argentina,1981,1.7,50.9,34.6,12.8,47.4
Argentina,1982,1.6,50.5,34.9,13.1,47.9
Argentina,1983,1.6,50,35.1,13.4,48.4
Argentina,1984,1.5,49.6,35.3,13.6,48.9
Argentina,1985,1.5,49.2,35.5,13.9,49.4
Argentina,1986,1.4,48.7,35.7,14.2,49.9
Argentina,1987,1.4,48.3,35.9,14.5,50.3
Argentina,1988,1.3,47.9,36,14.8,50.8
Argentina,1989,1.3,47.6,36.2,15,51.2
Argentina,1990,1.3,47.2,36.3,15.2,51.5
Argentina,1991,1.2,46.8,36.5,15.5,52
Argentina,1992,1.2,46.3,36.7,15.9,52.5
Argentina,1993,1.1,45.7,36.9,16.2,53.1
Argentina,1994,1.1,45.1,37.2,16.6,53.8
Argentina,1995,1,44.5,37.4,17,54.4
Argentina,1996,1,43.9,37.7,17.4,55.1
Argentina,1997,0.9,43.3,37.9,17.8,55.8
Argentina,1998,0.9,42.6,38.2,18.3,56.5
Argentina,1999,0.9,42,38.4,18.7,57.1
Argentina,2000,0.8,41.4,38.6,19.2,57.8
Argentina,2001,0.8,40.9,38.8,19.5,58.4
Argentina,2002,0.7,40.4,39,19.8,58.8
Argentina,2003,0.7,40,39.1,20.2,59.3
Argentina,2004,0.7,39.5,39.3,20.6,59.8
Argentina,2005,0.6,38.9,39.4,21,60.4
Argentina,2006,0.6,38.4,39.5,21.6,61
Argentina,2007,0.6,37.7,39.6,22.1,61.7
Argentina,2008,0.6,37.1,39.6,22.7,62.4
Argentina,2009,0.5,36.4,39.7,23.3,63.1
Argentina,2010,0.5,35.7,39.8,24,63.8
Argentina,2011,0.5,34.9,39.8,24.7,64.6
Argentina,2012,0.5,34.3,39.9,25.4,65.3
Argentina,2013,0.4,33.6,39.9,26.1,66
Argentina,2014,0.4,33,39.9,26.7,66.6
Armenia,1975,6.4,63,24.9,5.8,30.7
Armenia,1976,6.1,62.7,25.3,5.9,31.2
Armenia,1977,5.9,62.4,25.6,6.1,31.7
Armenia,1978,5.7,62.1,26,6.2,32.2
Armenia,1979,5.5,61.7,26.4,6.4,32.7
Armenia,1980,5.3,61.4,26.7,6.5,33.3
Armenia,1981,5.2,61.1,27.1,6.7,33.8
Armenia,1982,5,60.7,27.4,6.9,34.3
Armenia,1983,4.8,60.4,27.8,7,34.8
Armenia,1984,4.7,60.1,28.1,7.2,35.3
Armenia,1985,4.5,59.7,28.4,7.3,35.8
Armenia,1986,4.4,59.4,28.7,7.5,36.2
Armenia,1987,4.2,59.1,29,7.7,36.7
Armenia,1988,4.1,58.8,29.3,7.8,37.1
Armenia,1989,3.9,58.5,29.6,8,37.6
Armenia,1990,3.8,58.2,29.8,8.2,38
Armenia,1991,3.7,58,30,8.3,38.3
Armenia,1992,3.7,58.1,30,8.2,38.2
Armenia,1993,3.6,58.3,29.9,8.2,38.1
Armenia,1994,3.5,58.4,30,8.2,38.1
Armenia,1995,3.4,58.4,30,8.2,38.2
Armenia,1996,3.4,58.3,30.2,8.2,38.4
Armenia,1997,3.3,58.1,30.4,8.3,38.7
Armenia,1998,3.2,57.8,30.6,8.4,39
Armenia,1999,3.1,57.5,30.9,8.5,39.4
Armenia,2000,3,57.1,31.2,8.7,39.9
Armenia,2001,2.9,56.6,31.6,9,40.6
Armenia,2002,2.7,56,32,9.3,41.3
Armenia,2003,2.6,55.2,32.5,9.7,42.2
Armenia,2004,2.5,54.3,33,10.2,43.2
Armenia,2005,2.4,53.3,33.6,10.7,44.3
Armenia,2006,2.2,52.3,34.2,11.3,45.5
Armenia,2007,2.1,51.1,34.9,11.9,46.8
Armenia,2008,1.9,49.9,35.6,12.6,48.2
Armenia,2009,1.8,48.8,36.2,13.2,49.4
Armenia,2010,1.7,47.8,36.8,13.8,50.5
Armenia,2011,1.6,46.7,37.3,14.3,51.7
Armenia,2012,1.5,45.7,37.9,14.9,52.8
Armenia,2013,1.4,44.8,38.4,15.5,53.9
Armenia,2014,1.3,43.8,38.8,16.1,54.9
Australia,1975,1.8,52.6,35.7,10,45.7
Australia,1976,1.7,52,36.2,10.2,46.4
Australia,1977,1.6,51.3,36.6,10.5,47.1
Australia,1978,1.5,50.7,37.1,10.8,47.9
Australia,1979,1.4,50,37.6,11,48.6
Australia,1980,1.3,49.4,38,11.3,49.3
Australia,1981,1.2,48.8,38.4,11.5,49.9
Australia,1982,1.2,48.3,38.8,11.8,50.6
Australia,1983,1.1,47.7,39.1,12.1,51.2
Australia,1984,1.1,47.2,39.4,12.3,51.7
Australia,1985,1,46.6,39.7,12.6,52.3
Australia,1986,1,46.1,40,12.8,52.9
Australia,1987,1,45.6,40.3,13.1,53.4
Australia,1988,0.9,45.1,40.5,13.4,53.9
Australia,1989,0.9,44.6,40.8,13.7,54.5
Australia,1990,0.9,44,41,14.1,55.1
Australia,1991,0.9,43.5,41.2,14.5,55.7
Australia,1992,0.8,42.9,41.4,14.8,56.3
Australia,1993,0.8,42.3,41.6,15.3,56.9
Australia,1994,0.8,41.7,41.8,15.7,57.5
Australia,1995,0.8,41,42,16.2,58.2
Australia,1996,0.7,40.4,42.2,16.7,58.8
Australia,1997,0.7,39.8,42.3,17.2,59.5
Australia,1998,0.7,39.2,42.4,17.8,60.1
Australia,1999,0.7,38.6,42.5,18.3,60.8
Australia,2000,0.7,37.9,42.5,18.9,61.4
Australia,2001,0.6,37.3,42.6,19.5,62
Australia,2002,0.6,36.7,42.6,20,62.6
Australia,2003,0.6,36.2,42.6,20.6,63.2
Australia,2004,0.6,35.6,42.6,21.2,63.8
Australia,2005,0.6,35,42.6,21.8,64.4
Australia,2006,0.6,34.5,42.6,22.4,65
Australia,2007,0.5,33.9,42.6,23,65.6
Australia,2008,0.5,33.3,42.5,23.7,66.2
Australia,2009,0.5,32.7,42.5,24.3,66.8
Australia,2010,0.5,32.1,42.4,25,67.4
Australia,2011,0.5,31.6,42.3,25.6,67.9
Australia,2012,0.5,31.1,42.2,26.3,68.5
Australia,2013,0.5,30.5,42.1,26.9,69
Australia,2014,0.4,30,42,27.6,69.6
Austria,1975,2.7,58.2,32.6,6.5,39.1
Austria,1976,2.6,57.5,33.2,6.7,39.9
Austria,1977,2.5,56.8,33.8,7,40.7
Austria,1978,2.3,56.2,34.3,7.2,41.5
Austria,1979,2.2,55.5,34.8,7.4,42.3
Austria,1980,2.1,54.8,35.4,7.7,43.1
Austria,1981,2,54.1,35.9,8,43.9
Austria,1982,1.9,53.4,36.5,8.2,44.7
Austria,1983,1.8,52.7,37,8.5,45.5
Austria,1984,1.8,52,37.4,8.8,46.2
Austria,1985,1.7,51.3,37.9,9.1,47
Austria,1986,1.6,50.6,38.3,9.4,47.7
Austria,1987,1.6,50,38.7,9.7,48.4
Austria,1988,1.5,49.4,39.1,10,49.1
Austria,1989,1.5,48.8,39.4,10.3,49.7
Austria,1990,1.4,48.2,39.7,10.6,50.4
Austria,1991,1.4,47.7,40,11,51
Austria,1992,1.3,47.1,40.3,11.3,51.6
Austria,1993,1.3,46.6,40.5,11.7,52.2
Austria,1994,1.2,46,40.7,12,52.7
Austria,1995,1.2,45.5,40.9,12.4,53.3
Austria,1996,1.1,45,41.1,12.8,53.9
Austria,1997,1.1,44.5,41.3,13.2,54.4
Austria,1998,1.1,43.9,41.4,13.6,55
Austria,1999,1,43.4,41.5,14,55.5
Austria,2000,1,42.9,41.6,14.5,56.1
Austria,2001,1,42.4,41.6,14.9,56.6
Austria,2002,0.9,42,41.7,15.4,57.1
Austria,2003,0.9,41.5,41.7,15.8,57.5
Austria,2004,0.9,41.1,41.7,16.3,58
Austria,2005,0.9,40.7,41.7,16.7,58.4
Austria,2006,0.8,40.3,41.7,17.1,58.9
Austria,2007,0.8,39.9,41.7,17.6,59.3
Austria,2008,0.8,39.4,41.7,18,59.8
Austria,2009,0.7,39,41.7,18.5,60.2
Austria,2010,0.7,38.6,41.7,18.9,60.7
Austria,2011,0.7,38.2,41.7,19.4,61.1
Austria,2012,0.7,37.7,41.7,19.9,61.6
Austria,2013,0.6,37.3,41.7,20.3,62
Austria,2014,0.6,36.9,41.7,20.8,62.5
Azerbaijan,1975,5.6,62.3,26.9,5.2,32.1
Azerbaijan,1976,5.4,62,27.2,5.4,32.6
Azerbaijan,1977,5.2,61.7,27.6,5.5,33.1
Azerbaijan,1978,5,61.3,28,5.7,33.7
Azerbaijan,1979,4.8,61,28.3,5.9,34.2
Azerbaijan,1980,4.6,60.6,28.6,6.1,34.7
Azerbaijan,1981,4.5,60.3,29,6.3,35.3
Azerbaijan,1982,4.3,59.9,29.3,6.5,35.8
Azerbaijan,1983,4.1,59.6,29.6,6.7,36.3
Azerbaijan,1984,4,59.2,29.9,6.9,36.8
Azerbaijan,1985,3.8,58.8,30.2,7.2,37.3
Azerbaijan,1986,3.7,58.5,30.4,7.4,37.8
Azerbaijan,1987,3.6,58.1,30.7,7.6,38.3
Azerbaijan,1988,3.5,57.7,30.9,7.9,38.8
Azerbaijan,1989,3.3,57.5,31.1,8.1,39.2
Azerbaijan,1990,3.2,57.3,31.3,8.2,39.5
Azerbaijan,1991,3.2,57.1,31.4,8.4,39.8
Azerbaijan,1992,3.1,57,31.4,8.5,39.9
Azerbaijan,1993,3,57.1,31.4,8.5,39.9
Azerbaijan,1994,3,57.3,31.3,8.4,39.7
Azerbaijan,1995,2.9,57.6,31.2,8.3,39.5
Azerbaijan,1996,2.9,57.8,31.1,8.2,39.3
Azerbaijan,1997,2.8,57.9,31.1,8.2,39.3
Azerbaijan,1998,2.7,57.9,31.1,8.2,39.3
Azerbaijan,1999,2.7,57.8,31.2,8.3,39.5
Azerbaijan,2000,2.6,57.5,31.3,8.5,39.9
Azerbaijan,2001,2.5,57.1,31.6,8.7,40.3
Azerbaijan,2002,2.4,56.6,31.9,9.1,41
Azerbaijan,2003,2.3,55.9,32.3,9.5,41.8
Azerbaijan,2004,2.2,55.1,32.8,9.9,42.7
Azerbaijan,2005,2.1,54.1,33.3,10.5,43.8
Azerbaijan,2006,2,52.8,33.9,11.2,45.1
Azerbaijan,2007,1.9,51.5,34.5,12.1,46.6
Azerbaijan,2008,1.8,50.2,35.1,12.9,48
Azerbaijan,2009,1.7,48.9,35.6,13.8,49.4
Azerbaijan,2010,1.6,47.7,36,14.7,50.7
Azerbaijan,2011,1.5,46.6,36.4,15.5,51.9
Azerbaijan,2012,1.4,45.5,36.7,16.3,53
Azerbaijan,2013,1.3,44.5,37.1,17.1,54.1
Azerbaijan,2014,1.3,43.6,37.3,17.8,55.1
Bahamas,1975,9.1,57.6,26.3,7.1,33.4
Bahamas,1976,8.9,57.4,26.5,7.3,33.8
Bahamas,1977,8.7,57.2,26.7,7.5,34.2
Bahamas,1978,8.5,56.9,26.9,7.7,34.6
Bahamas,1979,8.3,56.6,27.2,8,35.2
Bahamas,1980,8,56.1,27.5,8.3,35.8
Bahamas,1981,7.8,55.7,27.8,8.6,36.4
Bahamas,1982,7.6,55.3,28.2,9,37.1
Bahamas,1983,7.4,54.8,28.6,9.3,37.9
Bahamas,1984,7.1,54.1,29,9.7,38.8
Bahamas,1985,6.8,53.5,29.5,10.2,39.7
Bahamas,1986,6.6,52.8,30,10.6,40.6
Bahamas,1987,6.3,52.2,30.4,11.1,41.5
Bahamas,1988,6,51.5,30.9,11.6,42.5
Bahamas,1989,5.8,50.8,31.4,12,43.4
Bahamas,1990,5.6,50.1,31.8,12.5,44.3
Bahamas,1991,5.3,49.5,32.2,13,45.2
Bahamas,1992,5.2,48.9,32.5,13.4,45.9
Bahamas,1993,5,48.4,32.8,13.8,46.6
Bahamas,1994,4.8,48,33.1,14.1,47.2
Bahamas,1995,4.7,47.5,33.3,14.5,47.8
Bahamas,1996,4.5,47,33.5,14.9,48.5
Bahamas,1997,4.3,46.6,33.7,15.4,49.1
Bahamas,1998,4.2,46,33.9,15.9,49.8
Bahamas,1999,4,45.5,34.2,16.4,50.5
Bahamas,2000,3.8,44.8,34.4,16.9,51.4
Bahamas,2001,3.6,44.2,34.7,17.5,52.2
Bahamas,2002,3.4,43.5,35,18.1,53.1
Bahamas,2003,3.2,42.9,35.3,18.6,53.9
Bahamas,2004,3.1,42.3,35.5,19.2,54.7
Bahamas,2005,2.9,41.7,35.7,19.7,55.4
Bahamas,2006,2.8,41.1,35.8,20.3,56.1
Bahamas,2007,2.6,40.6,36,20.9,56.8
Bahamas,2008,2.5,40.1,36.1,21.4,57.4
Bahamas,2009,2.4,39.6,36.1,21.9,58
Bahamas,2010,2.3,39.1,36.2,22.4,58.6
Bahamas,2011,2.2,38.7,36.2,22.9,59.1
Bahamas,2012,2.1,38.2,36.3,23.4,59.7
Bahamas,2013,2,37.7,36.3,24,60.3
Bahamas,2014,1.9,37.2,36.3,24.6,60.9
Bahrain,1975,10.5,50.8,29.4,9.3,38.7
Bahrain,1976,10.2,50.5,29.7,9.6,39.3
Bahrain,1977,9.9,50.2,30,9.8,39.8
Bahrain,1978,9.7,49.9,30.3,10.1,40.4
Bahrain,1979,9.4,49.6,30.6,10.4,41
Bahrain,1980,9.1,49.2,31,10.7,41.7
Bahrain,1981,8.8,48.8,31.3,11,42.3
Bahrain,1982,8.6,48.5,31.7,11.3,43
Bahrain,1983,8.3,48.1,32,11.6,43.7
Bahrain,1984,8,47.6,32.4,12,44.4
Bahrain,1985,7.7,47.2,32.8,12.3,45.1
Bahrain,1986,7.5,46.7,33.1,12.7,45.8
Bahrain,1987,7.2,46.3,33.5,13,46.5
Bahrain,1988,7,45.8,33.8,13.4,47.2
Bahrain,1989,6.7,45.4,34.1,13.8,47.9
Bahrain,1990,6.5,44.9,34.4,14.2,48.6
Bahrain,1991,6.3,44.4,34.7,14.6,49.3
Bahrain,1992,6.1,44,34.9,15,50
Bahrain,1993,5.9,43.4,35.2,15.5,50.7
Bahrain,1994,5.7,43,35.4,16,51.4
Bahrain,1995,5.5,42.5,35.6,16.4,52.1
Bahrain,1996,5.2,42,35.9,16.9,52.8
Bahrain,1997,5,41.5,36.1,17.3,53.5
Bahrain,1998,4.8,41,36.4,17.8,54.2
Bahrain,1999,4.6,40.5,36.6,18.3,54.9
Bahrain,2000,4.4,40,36.9,18.8,55.6
Bahrain,2001,4.2,39.4,37.1,19.2,56.3
Bahrain,2002,4,38.9,37.4,19.6,57
Bahrain,2003,3.8,38.4,37.6,20.1,57.7
Bahrain,2004,3.7,37.9,37.9,20.5,58.4
Bahrain,2005,3.5,37.4,38.1,20.9,59.1
Bahrain,2006,3.3,36.9,38.4,21.4,59.7
Bahrain,2007,3.2,36.4,38.6,21.8,60.4
Bahrain,2008,3.1,36,38.8,22.2,61
Bahrain,2009,2.9,35.5,39,22.6,61.6
Bahrain,2010,2.8,35.1,39.2,23,62.2
Bahrain,2011,2.7,34.6,39.4,23.4,62.7
Bahrain,2012,2.6,34.1,39.5,23.8,63.3
Bahrain,2013,2.4,33.6,39.7,24.3,63.9
Bahrain,2014,2.3,33.1,39.8,24.7,64.6
Bangladesh,1975,31.6,62.3,5.8,0.3,6.1
Bangladesh,1976,31.6,62.3,5.8,0.3,6.1
Bangladesh,1977,31.5,62.4,5.9,0.3,6.1
Bangladesh,1978,31.4,62.4,5.9,0.3,6.2
Bangladesh,1979,31.3,62.4,5.9,0.3,6.2
Bangladesh,1980,31.3,62.4,6,0.3,6.3
Bangladesh,1981,31.2,62.4,6.1,0.3,6.4
Bangladesh,1982,31.1,62.4,6.1,0.3,6.5
Bangladesh,1983,31,62.4,6.2,0.4,6.6
Bangladesh,1984,30.9,62.4,6.3,0.4,6.7
Bangladesh,1985,30.8,62.4,6.4,0.4,6.8
Bangladesh,1986,30.7,62.5,6.5,0.4,6.9
Bangladesh,1987,30.5,62.5,6.6,0.4,7
Bangladesh,1988,30.4,62.5,6.7,0.4,7.1
Bangladesh,1989,30.2,62.5,6.8,0.5,7.3
Bangladesh,1990,30.1,62.5,6.9,0.5,7.4
Bangladesh,1991,29.9,62.5,7,0.5,7.5
Bangladesh,1992,29.8,62.6,7.2,0.5,7.7
Bangladesh,1993,29.6,62.6,7.3,0.5,7.8
Bangladesh,1994,29.4,62.6,7.4,0.6,8
Bangladesh,1995,29.2,62.7,7.6,0.6,8.2
Bangladesh,1996,28.9,62.7,7.7,0.6,8.3
Bangladesh,1997,28.7,62.8,7.9,0.7,8.5
Bangladesh,1998,28.4,62.8,8.1,0.7,8.7
Bangladesh,1999,28.2,62.9,8.2,0.7,9
Bangladesh,2000,27.9,62.9,8.4,0.8,9.2
Bangladesh,2001,27.6,63,8.6,0.8,9.4
Bangladesh,2002,27.3,63,8.9,0.8,9.7
Bangladesh,2003,27,63,9.1,0.9,10
Bangladesh,2004,26.7,63,9.3,0.9,10.2
Bangladesh,2005,26.4,63,9.6,1,10.5
Bangladesh,2006,26.1,63,9.8,1.1,10.9
Bangladesh,2007,25.8,63,10.1,1.1,11.2
Bangladesh,2008,25.4,63,10.4,1.2,11.6
Bangladesh,2009,25,63,10.7,1.3,12
Bangladesh,2010,24.7,63,11,1.4,12.3
Bangladesh,2011,24.3,63,11.3,1.4,12.8
Bangladesh,2012,23.9,62.9,11.7,1.5,13.2
Bangladesh,2013,23.5,62.9,12,1.6,13.7
Bangladesh,2014,23.1,62.8,12.4,1.8,14.1
Barbados,1975,10.8,63.4,22.2,3.7,25.9
Barbados,1976,10.5,63,22.6,3.9,26.5
Barbados,1977,10.2,62.7,23.1,4.1,27.1
Barbados,1978,9.9,62.3,23.5,4.3,27.8
Barbados,1979,9.6,61.9,24,4.5,28.5
Barbados,1980,9.3,61.5,24.5,4.7,29.2
Barbados,1981,9,61.2,24.9,4.9,29.9
Barbados,1982,8.7,60.8,25.3,5.2,30.5
Barbados,1983,8.5,60.5,25.7,5.4,31.1
Barbados,1984,8.2,60.2,26,5.6,31.6
Barbados,1985,8,59.9,26.4,5.8,32.1
Barbados,1986,7.8,59.6,26.7,6,32.6
Barbados,1987,7.6,59.2,27,6.2,33.2
Barbados,1988,7.4,58.9,27.3,6.4,33.7
Barbados,1989,7.2,58.5,27.6,6.6,34.2
Barbados,1990,7.1,58.2,27.9,6.9,34.7
Barbados,1991,6.9,57.9,28.1,7.1,35.2
Barbados,1992,6.8,57.6,28.3,7.3,35.6
Barbados,1993,6.6,57.3,28.5,7.6,36.1
Barbados,1994,6.5,57,28.7,7.8,36.6
Barbados,1995,6.3,56.6,29,8.1,37.1
Barbados,1996,6.1,56.2,29.2,8.4,37.6
Barbados,1997,6,55.8,29.4,8.8,38.2
Barbados,1998,5.8,55.4,29.6,9.2,38.8
Barbados,1999,5.6,54.9,29.9,9.6,39.5
Barbados,2000,5.4,54.4,30.1,10,40.2
Barbados,2001,5.2,53.9,30.4,10.5,40.9
Barbados,2002,5,53.4,30.6,10.9,41.6
Barbados,2003,4.9,52.9,30.9,11.4,42.3
Barbados,2004,4.7,52.3,31.1,11.9,43
Barbados,2005,4.5,51.7,31.3,12.5,43.8
Barbados,2006,4.3,51.1,31.5,13.1,44.6
Barbados,2007,4.2,50.4,31.7,13.7,45.5
Barbados,2008,4,49.7,31.9,14.4,46.3
Barbados,2009,3.8,49,32.1,15,47.1
Barbados,2010,3.7,48.4,32.3,15.7,48
Barbados,2011,3.5,47.7,32.4,16.4,48.8
Barbados,2012,3.4,47,32.5,17.1,49.6
Barbados,2013,3.3,46.3,32.6,17.9,50.5
Barbados,2014,3.1,45.6,32.6,18.7,51.3
Belarus,1975,3,62.3,29.1,5.7,34.8
Belarus,1976,2.8,61.7,29.5,5.9,35.4
Belarus,1977,2.7,61.1,29.9,6.2,36.1
Belarus,1978,2.7,60.6,30.3,6.5,36.8
Belarus,1979,2.6,60,30.7,6.8,37.4
Belarus,1980,2.5,59.4,31.1,7,38.1
Belarus,1981,2.4,58.8,31.5,7.3,38.8
Belarus,1982,2.3,58.2,31.8,7.6,39.5
Belarus,1983,2.2,57.6,32.2,7.9,40.1
Belarus,1984,2.2,57.1,32.5,8.2,40.8
Belarus,1985,2.1,56.5,32.9,8.6,41.4
Belarus,1986,2.1,55.9,33.2,8.9,42
Belarus,1987,2,55.3,33.5,9.2,42.7
Belarus,1988,1.9,54.8,33.8,9.5,43.3
Belarus,1989,1.9,54.2,34.1,9.8,43.9
Belarus,1990,1.8,53.6,34.3,10.2,44.5
Belarus,1991,1.8,53.1,34.6,10.5,45.1
Belarus,1992,1.8,52.7,34.7,10.8,45.5
Belarus,1993,1.7,52.4,34.9,11,45.9
Belarus,1994,1.7,52.1,35,11.2,46.2
Belarus,1995,1.7,51.9,35.1,11.3,46.4
Belarus,1996,1.7,51.7,35.2,11.5,46.7
Belarus,1997,1.6,51.3,35.4,11.7,47.1
Belarus,1998,1.6,50.8,35.6,12,47.6
Belarus,1999,1.5,50.3,35.9,12.3,48.1
Belarus,2000,1.5,49.8,36.1,12.6,48.7
Belarus,2001,1.4,49.2,36.4,12.9,49.4
Belarus,2002,1.4,48.6,36.7,13.3,50
Belarus,2003,1.3,47.9,37,13.8,50.8
Belarus,2004,1.3,47.2,37.3,14.3,51.5
Belarus,2005,1.2,46.4,37.6,14.8,52.4
Belarus,2006,1.2,45.5,37.9,15.4,53.3
Belarus,2007,1.1,44.7,38.2,16,54.2
Belarus,2008,1,43.7,38.6,16.6,55.2
Belarus,2009,1,42.8,38.9,17.3,56.2
Belarus,2010,0.9,41.8,39.3,17.9,57.2
Belarus,2011,0.9,40.9,39.6,18.6,58.2
Belarus,2012,0.8,40,39.9,19.2,59.2
Belarus,2013,0.8,39.2,40.2,19.9,60
Belarus,2014,0.7,38.4,40.5,20.4,60.9
Belgium,1975,1.8,55.7,33.8,8.8,42.6
Belgium,1976,1.7,54.9,34.4,9,43.4
Belgium,1977,1.6,54.2,35,9.2,44.2
Belgium,1978,1.5,53.5,35.6,9.4,45
Belgium,1979,1.4,52.8,36.1,9.7,45.7
Belgium,1980,1.4,52.2,36.6,9.9,46.5
Belgium,1981,1.3,51.5,37.1,10.1,47.2
Belgium,1982,1.2,50.8,37.6,10.4,47.9
Belgium,1983,1.2,50.2,38.1,10.6,48.7
Belgium,1984,1.1,49.5,38.5,10.9,49.4
Belgium,1985,1.1,48.8,39,11.1,50.1
Belgium,1986,1,48.1,39.5,11.4,50.9
Belgium,1987,1,47.4,39.9,11.7,51.6
Belgium,1988,0.9,46.7,40.4,12,52.4
Belgium,1989,0.9,46,40.8,12.3,53.1
Belgium,1990,0.8,45.3,41.2,12.7,53.8
Belgium,1991,0.8,44.7,41.5,13,54.5
Belgium,1992,0.8,44,41.9,13.3,55.2
Belgium,1993,0.7,43.4,42.2,13.6,55.9
Belgium,1994,0.7,42.8,42.5,14,56.5
Belgium,1995,0.7,42.2,42.9,14.3,57.2
Belgium,1996,0.6,41.5,43.1,14.7,57.8
Belgium,1997,0.6,40.9,43.4,15.1,58.5
Belgium,1998,0.6,40.3,43.7,15.5,59.2
Belgium,1999,0.5,39.6,44,15.9,59.8
Belgium,2000,0.5,39,44.2,16.3,60.5
Belgium,2001,0.5,38.4,44.4,16.7,61.2
Belgium,2002,0.5,37.8,44.6,17.2,61.8
Belgium,2003,0.4,37.2,44.7,17.6,62.3
Belgium,2004,0.4,36.7,44.9,18,62.9
Belgium,2005,0.4,36.2,44.9,18.4,63.4
Belgium,2006,0.4,35.7,45,18.9,63.9
Belgium,2007,0.4,35.3,45.1,19.3,64.4
Belgium,2008,0.4,34.8,45.1,19.7,64.8
Belgium,2009,0.3,34.5,45.1,20.1,65.2
Belgium,2010,0.3,34.2,45,20.5,65.5
Belgium,2011,0.3,33.8,45,20.9,65.8
Belgium,2012,0.3,33.5,44.9,21.3,66.2
Belgium,2013,0.3,33.2,44.9,21.7,66.5
Belgium,2014,0.3,32.9,44.8,22,66.9
Belize,1975,12.5,65.7,18.1,3.7,21.8
Belize,1976,12.2,65.5,18.5,3.8,22.3
Belize,1977,11.9,65.3,18.9,3.9,22.8
Belize,1978,11.6,65.1,19.3,4,23.3
Belize,1979,11.3,64.8,19.8,4.2,23.9
Belize,1980,10.9,64.5,20.3,4.3,24.6
Belize,1981,10.6,64.2,20.7,4.5,25.2
Belize,1982,10.3,63.9,21.1,4.6,25.8
Belize,1983,10.1,63.6,21.5,4.8,26.3
Belize,1984,9.8,63.4,21.8,4.9,26.8
Belize,1985,9.6,63.2,22.2,5.1,27.2
Belize,1986,9.4,63,22.4,5.2,27.7
Belize,1987,9.1,62.8,22.7,5.4,28.1
Belize,1988,8.9,62.5,23,5.5,28.6
Belize,1989,8.7,62.3,23.3,5.7,29
Belize,1990,8.5,62,23.6,5.9,29.5
Belize,1991,8.3,61.7,24,6.1,30
Belize,1992,8.1,61.3,24.3,6.3,30.6
Belize,1993,7.8,61,24.6,6.6,31.2
Belize,1994,7.6,60.6,25,6.8,31.8
Belize,1995,7.4,60.2,25.3,7.1,32.4
Belize,1996,7.1,59.9,25.7,7.3,33
Belize,1997,6.9,59.5,26,7.6,33.6
Belize,1998,6.7,59.1,26.4,7.9,34.2
Belize,1999,6.5,58.6,26.7,8.2,34.9
Belize,2000,6.2,58.1,27.1,8.6,35.7
Belize,2001,6,57.5,27.6,9,36.5
Belize,2002,5.8,56.9,28,9.4,37.4
Belize,2003,5.5,56.2,28.5,9.8,38.3
Belize,2004,5.3,55.6,28.9,10.2,39.2
Belize,2005,5.1,54.9,29.3,10.7,40
Belize,2006,4.9,54.3,29.7,11.2,40.8
Belize,2007,4.7,53.7,30,11.6,41.6
Belize,2008,4.5,53.1,30.3,12.1,42.4
Belize,2009,4.4,52.6,30.5,12.5,43
Belize,2010,4.3,52,30.7,13,43.7
Belize,2011,4.2,51.5,30.9,13.5,44.4
Belize,2012,4,50.9,31.1,14,45
Belize,2013,3.9,50.4,31.2,14.5,45.7
Belize,2014,3.8,49.8,31.4,15,46.3
Benin,1975,16.4,75.8,7.3,0.5,7.9
Benin,1976,16.3,75.8,7.4,0.5,8
Benin,1977,16.2,75.8,7.5,0.6,8.1
Benin,1978,16.1,75.7,7.6,0.6,8.2
Benin,1979,16,75.7,7.7,0.6,8.3
Benin,1980,15.9,75.6,7.8,0.6,8.4
Benin,1981,15.9,75.5,7.9,0.7,8.6
Benin,1982,15.8,75.4,8,0.7,8.8
Benin,1983,15.8,75.3,8.2,0.7,8.9
Benin,1984,15.7,75.2,8.3,0.8,9.1
Benin,1985,15.7,75,8.5,0.8,9.3
Benin,1986,15.7,74.9,8.6,0.9,9.5
Benin,1987,15.6,74.8,8.7,0.9,9.6
Benin,1988,15.6,74.6,8.8,0.9,9.8
Benin,1989,15.5,74.5,8.9,1,9.9
Benin,1990,15.5,74.4,9,1,10.1
Benin,1991,15.4,74.4,9.1,1.1,10.2
Benin,1992,15.4,74.3,9.2,1.1,10.3
Benin,1993,15.3,74.2,9.3,1.2,10.5
Benin,1994,15.2,74.2,9.4,1.2,10.6
Benin,1995,15.1,74.1,9.5,1.2,10.8
Benin,1996,15,74,9.7,1.3,11
Benin,1997,14.8,74,9.9,1.4,11.2
Benin,1998,14.7,73.9,10,1.4,11.4
Benin,1999,14.5,73.8,10.2,1.5,11.7
Benin,2000,14.4,73.7,10.4,1.5,12
Benin,2001,14.2,73.6,10.6,1.6,12.2
Benin,2002,14,73.5,10.8,1.7,12.5
Benin,2003,13.8,73.4,11,1.8,12.8
Benin,2004,13.6,73.3,11.2,1.9,13.1
Benin,2005,13.5,73.1,11.4,2,13.4
Benin,2006,13.3,73,11.6,2,13.7
Benin,2007,13.2,72.9,11.8,2.1,13.9
Benin,2008,13,72.7,12,2.3,14.3
Benin,2009,12.8,72.5,12.3,2.4,14.6
Benin,2010,12.6,72.3,12.5,2.5,15
Benin,2011,12.4,72.1,12.8,2.6,15.4
Benin,2012,12.3,71.9,13.1,2.8,15.9
Benin,2013,12.1,71.6,13.4,2.9,16.3
Benin,2014,11.9,71.3,13.7,3.1,16.8
Bermuda,1975,7.4,50,30.5,12,42.5
Bermuda,1976,7.1,49.6,31,12.3,43.3
Bermuda,1977,6.9,49.1,31.4,12.6,44
Bermuda,1978,6.6,48.6,31.8,13,44.8
Bermuda,1979,6.3,48.1,32.2,13.3,45.5
Bermuda,1980,6.1,47.6,32.7,13.7,46.4
Bermuda,1981,5.8,47,33.1,14.1,47.2
Bermuda,1982,5.6,46.4,33.5,14.5,48
Bermuda,1983,5.4,45.8,33.9,14.9,48.8
Bermuda,1984,5.2,45.2,34.3,15.3,49.6
Bermuda,1985,4.9,44.6,34.7,15.8,50.4
Bermuda,1986,4.7,44.1,35,16.2,51.2
Bermuda,1987,4.5,43.5,35.4,16.6,52
Bermuda,1988,4.3,42.9,35.7,17.1,52.8
Bermuda,1989,4.1,42.3,36,17.5,53.5
Bermuda,1990,4,41.8,36.3,17.9,54.2
Bermuda,1991,3.8,41.4,36.5,18.3,54.8
Bermuda,1992,3.7,41,36.7,18.7,55.4
Bermuda,1993,3.5,40.5,36.9,19,55.9
Bermuda,1994,3.4,40.1,37.1,19.4,56.5
Bermuda,1995,3.3,39.7,37.2,19.8,57
Bermuda,1996,3.2,39.4,37.3,20.2,57.5
Bermuda,1997,3.1,39,37.4,20.5,58
Bermuda,1998,3,38.5,37.5,21,58.5
Bermuda,1999,2.9,38.2,37.6,21.4,59
Bermuda,2000,2.8,37.8,37.6,21.8,59.4
Bermuda,2001,2.7,37.5,37.6,22.3,59.8
Bermuda,2002,2.6,37.1,37.5,22.8,60.3
Bermuda,2003,2.5,36.7,37.5,23.3,60.8
Bermuda,2004,2.5,36.2,37.4,24,61.3
Bermuda,2005,2.4,35.7,37.3,24.6,61.9
Bermuda,2006,2.3,35.2,37.2,25.4,62.5
Bermuda,2007,2.2,34.6,37.1,26.2,63.2
Bermuda,2008,2.1,33.9,37,27,64
Bermuda,2009,2,33.2,36.9,27.8,64.8
Bermuda,2010,1.9,32.5,36.9,28.7,65.6
Bermuda,2011,1.8,31.8,36.8,29.6,66.4
Bermuda,2012,1.7,31,36.7,30.6,67.3
Bermuda,2013,1.6,30.3,36.6,31.5,68.1
Bermuda,2014,1.5,29.5,36.4,32.5,68.9
Bhutan,1975,23.7,69.1,6.8,0.4,7.2
Bhutan,1976,23.5,69.1,6.9,0.4,7.3
Bhutan,1977,23.4,69.2,7,0.4,7.4
Bhutan,1978,23.2,69.2,7.1,0.4,7.6
Bhutan,1979,23.1,69.2,7.3,0.4,7.7
Bhutan,1980,22.9,69.3,7.4,0.5,7.8
Bhutan,1981,22.7,69.3,7.5,0.5,8
Bhutan,1982,22.5,69.3,7.7,0.5,8.2
Bhutan,1983,22.3,69.3,7.8,0.5,8.4
Bhutan,1984,22.1,69.3,8,0.6,8.6
Bhutan,1985,21.9,69.3,8.2,0.6,8.8
Bhutan,1986,21.7,69.3,8.4,0.6,9
Bhutan,1987,21.5,69.2,8.6,0.7,9.3
Bhutan,1988,21.3,69.1,8.9,0.7,9.6
Bhutan,1989,21.1,69,9.1,0.8,9.9
Bhutan,1990,20.9,68.9,9.4,0.8,10.2
Bhutan,1991,20.6,68.9,9.6,0.9,10.5
Bhutan,1992,20.4,68.8,9.9,1,10.8
Bhutan,1993,20.2,68.7,10.1,1,11.1
Bhutan,1994,19.9,68.6,10.4,1.1,11.5
Bhutan,1995,19.6,68.6,10.6,1.2,11.8
Bhutan,1996,19.4,68.5,10.9,1.2,12.2
Bhutan,1997,19.1,68.4,11.2,1.3,12.5
Bhutan,1998,18.7,68.3,11.5,1.4,12.9
Bhutan,1999,18.4,68.3,11.8,1.5,13.3
Bhutan,2000,18.1,68.2,12.1,1.6,13.7
Bhutan,2001,17.8,68.1,12.5,1.7,14.2
Bhutan,2002,17.4,68,12.8,1.8,14.6
Bhutan,2003,17,67.8,13.1,2,15.1
Bhutan,2004,16.7,67.7,13.5,2.1,15.6
Bhutan,2005,16.3,67.6,13.9,2.3,16.1
Bhutan,2006,15.9,67.4,14.2,2.4,16.6
Bhutan,2007,15.5,67.2,14.7,2.6,17.2
Bhutan,2008,15.1,67,15.1,2.8,17.8
Bhutan,2009,14.7,66.8,15.5,3,18.5
Bhutan,2010,14.3,66.6,15.9,3.2,19.1
Bhutan,2011,13.9,66.3,16.4,3.4,19.8
Bhutan,2012,13.5,66,16.9,3.7,20.5
Bhutan,2013,13.1,65.7,17.3,3.9,21.2
Bhutan,2014,12.7,65.4,17.8,4.2,21.9
Bolivia,1975,5,69.1,22.8,3.1,25.9
Bolivia,1976,4.8,68.9,23.1,3.2,26.3
Bolivia,1977,4.6,68.5,23.5,3.3,26.8
Bolivia,1978,4.5,68.2,23.9,3.5,27.4
Bolivia,1979,4.3,67.8,24.3,3.6,27.9
Bolivia,1980,4.2,67.4,24.6,3.8,28.4
Bolivia,1981,4.1,67,25,3.9,28.9
Bolivia,1982,3.9,66.7,25.3,4.1,29.4
Bolivia,1983,3.8,66.3,25.6,4.3,29.8
Bolivia,1984,3.7,66,25.8,4.4,30.2
Bolivia,1985,3.7,65.7,26,4.6,30.6
Bolivia,1986,3.6,65.5,26.2,4.7,31
Bolivia,1987,3.5,65.2,26.5,4.9,31.4
Bolivia,1988,3.4,64.8,26.7,5,31.8
Bolivia,1989,3.3,64.5,27,5.2,32.2
Bolivia,1990,3.2,64,27.4,5.4,32.8
Bolivia,1991,3.1,63.6,27.7,5.6,33.3
Bolivia,1992,3,63.1,28.1,5.8,33.9
Bolivia,1993,2.9,62.6,28.5,6,34.5
Bolivia,1994,2.8,62,29,6.2,35.2
Bolivia,1995,2.7,61.4,29.4,6.4,35.8
Bolivia,1996,2.6,60.8,29.9,6.7,36.6
Bolivia,1997,2.5,60.2,30.4,6.9,37.3
Bolivia,1998,2.4,59.5,30.8,7.2,38
Bolivia,1999,2.3,58.9,31.2,7.5,38.7
Bolivia,2000,2.3,58.4,31.6,7.7,39.4
Bolivia,2001,2.2,57.8,32,8,40
Bolivia,2002,2.1,57.3,32.4,8.2,40.6
Bolivia,2003,2,56.7,32.8,8.5,41.3
Bolivia,2004,1.9,56.2,33.2,8.7,41.9
Bolivia,2005,1.9,55.6,33.5,9,42.5
Bolivia,2006,1.8,55,33.9,9.3,43.2
Bolivia,2007,1.7,54.4,34.2,9.6,43.9
Bolivia,2008,1.6,53.8,34.6,10,44.6
Bolivia,2009,1.6,53.1,35,10.3,45.3
Bolivia,2010,1.5,52.5,35.3,10.7,46
Bolivia,2011,1.5,51.8,35.7,11.1,46.7
Bolivia,2012,1.4,51.1,36,11.5,47.5
Bolivia,2013,1.4,50.4,36.3,11.9,48.3
Bolivia,2014,1.3,49.7,36.6,12.4,49
Bosnia and Herzegovina,1975,3.3,69.9,23.8,3,26.8
Bosnia and Herzegovina,1976,3.2,69.6,24.1,3.1,27.2
Bosnia and Herzegovina,1977,3.1,69.2,24.4,3.2,27.7
Bosnia and Herzegovina,1978,3,68.9,24.7,3.3,28.1
Bosnia and Herzegovina,1979,2.9,68.6,25,3.4,28.5
Bosnia and Herzegovina,1980,2.8,68.3,25.3,3.5,28.9
Bosnia and Herzegovina,1981,2.8,68,25.6,3.7,29.3
Bosnia and Herzegovina,1982,2.7,67.6,25.9,3.8,29.7
Bosnia and Herzegovina,1983,2.6,67.3,26.2,3.9,30.1
Bosnia and Herzegovina,1984,2.6,67,26.4,4,30.5
Bosnia and Herzegovina,1985,2.5,66.7,26.7,4.1,30.8
Bosnia and Herzegovina,1986,2.4,66.3,27,4.2,31.2
Bosnia and Herzegovina,1987,2.4,66,27.2,4.3,31.6
Bosnia and Herzegovina,1988,2.3,65.7,27.5,4.5,32
Bosnia and Herzegovina,1989,2.3,65.4,27.7,4.6,32.3
Bosnia and Herzegovina,1990,2.2,65.1,28,4.7,32.7
Bosnia and Herzegovina,1991,2.2,64.7,28.3,4.8,33.1
Bosnia and Herzegovina,1992,2.1,64.4,28.6,5,33.5
Bosnia and Herzegovina,1993,2,64,28.9,5.1,34
Bosnia and Herzegovina,1994,2,63.4,29.3,5.3,34.6
Bosnia and Herzegovina,1995,1.9,62.7,29.8,5.6,35.4
Bosnia and Herzegovina,1996,1.8,61.5,30.6,6,36.6
Bosnia and Herzegovina,1997,1.7,60.2,31.5,6.6,38.1
Bosnia and Herzegovina,1998,1.6,58.9,32.4,7.1,39.5
Bosnia and Herzegovina,1999,1.5,57.5,33.2,7.7,40.9
Bosnia and Herzegovina,2000,1.5,56.3,33.9,8.3,42.3
Bosnia and Herzegovina,2001,1.4,55.1,34.6,8.9,43.6
Bosnia and Herzegovina,2002,1.3,54,35.3,9.5,44.7
Bosnia and Herzegovina,2003,1.2,53,35.9,10,45.8
Bosnia and Herzegovina,2004,1.2,52,36.4,10.4,46.8
Bosnia and Herzegovina,2005,1.1,51.2,36.9,10.8,47.7
Bosnia and Herzegovina,2006,1,50.4,37.4,11.2,48.6
Bosnia and Herzegovina,2007,1,49.6,37.9,11.6,49.5
Bosnia and Herzegovina,2008,0.9,48.7,38.4,12,50.4
Bosnia and Herzegovina,2009,0.9,48,38.8,12.3,51.2
Bosnia and Herzegovina,2010,0.8,47.2,39.3,12.7,52
Bosnia and Herzegovina,2011,0.8,46.5,39.7,13,52.7
Bosnia and Herzegovina,2012,0.7,45.8,40.1,13.4,53.5
Bosnia and Herzegovina,2013,0.7,45.1,40.5,13.7,54.2
Bosnia and Herzegovina,2014,0.7,44.4,40.9,14,54.9
Botswana,1975,20,71,8.4,0.6,9
Botswana,1976,19.9,70.9,8.6,0.6,9.2
Botswana,1977,19.8,70.7,8.8,0.7,9.4
Botswana,1978,19.8,70.6,8.9,0.7,9.7
Botswana,1979,19.7,70.4,9.1,0.8,9.9
Botswana,1980,19.6,70.3,9.3,0.8,10.1
Botswana,1981,19.5,70.1,9.5,0.9,10.4
Botswana,1982,19.4,69.9,9.7,0.9,10.6
Botswana,1983,19.3,69.7,9.9,1,10.9
Botswana,1984,19.2,69.5,10.2,1.1,11.3
Botswana,1985,19.1,69.2,10.5,1.2,11.7
Botswana,1986,19,68.9,10.8,1.3,12.1
Botswana,1987,18.9,68.5,11.1,1.4,12.6
Botswana,1988,18.7,68.1,11.5,1.6,13.1
Botswana,1989,18.5,67.7,11.9,1.8,13.7
Botswana,1990,18.3,67.3,12.4,2,14.4
Botswana,1991,18.1,66.9,12.9,2.2,15
Botswana,1992,17.8,66.5,13.3,2.4,15.7
Botswana,1993,17.5,66.1,13.7,2.6,16.4
Botswana,1994,17.2,65.8,14.1,2.8,17
Botswana,1995,17,65.4,14.6,3.1,17.6
Botswana,1996,16.7,65.1,14.9,3.3,18.2
Botswana,1997,16.4,64.7,15.3,3.5,18.8
Botswana,1998,16.2,64.4,15.7,3.7,19.4
Botswana,1999,15.9,64.1,16,4,19.9
Botswana,2000,15.7,63.8,16.3,4.2,20.5
Botswana,2001,15.5,63.6,16.6,4.4,21
Botswana,2002,15.2,63.3,16.9,4.6,21.5
Botswana,2003,15,63,17.1,4.9,22
Botswana,2004,14.7,62.7,17.4,5.1,22.6
Botswana,2005,14.5,62.4,17.7,5.4,23.1
Botswana,2006,14.2,62,18.1,5.7,23.8
Botswana,2007,13.9,61.6,18.5,6.1,24.5
Botswana,2008,13.5,61.1,18.9,6.5,25.4
Botswana,2009,13.2,60.7,19.3,6.8,26.1
Botswana,2010,12.8,60.2,19.7,7.3,27
Botswana,2011,12.5,59.6,20.1,7.8,27.9
Botswana,2012,12.1,59.1,20.6,8.3,28.8
Botswana,2013,11.7,58.5,21,8.8,29.8
Botswana,2014,11.4,57.8,21.4,9.4,30.8
Brazil,1975,9.3,66.7,20.5,3.5,24
Brazil,1976,9,66.2,21.1,3.7,24.8
Brazil,1977,8.7,65.7,21.7,3.9,25.6
Brazil,1978,8.4,65.2,22.2,4.1,26.4
Brazil,1979,8.1,64.6,22.8,4.4,27.2
Brazil,1980,7.9,64,23.4,4.7,28.1
Brazil,1981,7.6,63.5,24,4.9,28.9
Brazil,1982,7.3,62.9,24.6,5.2,29.8
Brazil,1983,7.1,62.4,25.1,5.4,30.5
Brazil,1984,6.9,61.9,25.6,5.7,31.3
Brazil,1985,6.7,61.3,26,6,32
Brazil,1986,6.4,60.8,26.5,6.2,32.8
Brazil,1987,6.2,60.2,27,6.5,33.6
Brazil,1988,6,59.6,27.5,6.8,34.4
Brazil,1989,5.8,59.1,28,7.1,35.1
Brazil,1990,5.6,58.5,28.5,7.4,35.9
Brazil,1991,5.4,58,28.9,7.7,36.6
Brazil,1992,5.2,57.5,29.4,8,37.3
Brazil,1993,5,56.9,29.8,8.3,38.1
Brazil,1994,4.8,56.3,30.3,8.6,38.8
Brazil,1995,4.6,55.7,30.7,8.9,39.6
Brazil,1996,4.5,55.1,31.2,9.2,40.4
Brazil,1997,4.3,54.5,31.6,9.6,41.2
Brazil,1998,4.1,53.9,32,9.9,41.9
Brazil,1999,4,53.3,32.4,10.3,42.7
Brazil,2000,3.8,52.7,32.9,10.6,43.5
Brazil,2001,3.6,52.1,33.3,11,44.3
Brazil,2002,3.5,51.4,33.7,11.4,45.1
Brazil,2003,3.3,50.8,34.1,11.8,45.9
Brazil,2004,3.2,50.1,34.5,12.2,46.7
Brazil,2005,3.1,49.4,34.9,12.6,47.5
Brazil,2006,2.9,48.8,35.3,13,48.3
Brazil,2007,2.8,48,35.7,13.5,49.2
Brazil,2008,2.7,47.3,36.1,14,50
Brazil,2009,2.6,46.5,36.4,14.4,50.9
Brazil,2010,2.5,45.8,36.8,15,51.7
Brazil,2011,2.4,45,37.2,15.5,52.6
Brazil,2012,2.3,44.2,37.5,16,53.5
Brazil,2013,2.2,43.4,37.8,16.6,54.4
Brazil,2014,2.1,42.7,38.1,17.1,55.2
Brunei,1975,17,64,16.8,2.3,19
Brunei,1976,16.7,63.8,17.1,2.4,19.5
Brunei,1977,16.5,63.6,17.4,2.5,19.9
Brunei,1978,16.2,63.4,17.8,2.6,20.4
Brunei,1979,15.8,63.1,18.2,2.8,21
Brunei,1980,15.5,62.9,18.7,2.9,21.6
Brunei,1981,15.2,62.7,19,3.1,22
Brunei,1982,15,62.5,19.3,3.2,22.5
Brunei,1983,14.7,62.3,19.7,3.4,23
Brunei,1984,14.4,62.1,20,3.5,23.5
Brunei,1985,14.1,61.8,20.4,3.7,24.1
Brunei,1986,13.8,61.6,20.7,3.9,24.6
Brunei,1987,13.6,61.3,21,4.1,25.1
Brunei,1988,13.3,61,21.4,4.3,25.7
Brunei,1989,13.1,60.7,21.7,4.5,26.2
Brunei,1990,12.8,60.4,22.1,4.7,26.8
Brunei,1991,12.6,60,22.4,5,27.4
Brunei,1992,12.4,59.6,22.8,5.2,28
Brunei,1993,12.2,59.2,23.1,5.5,28.6
Brunei,1994,12,58.8,23.4,5.8,29.2
Brunei,1995,11.8,58.3,23.9,6.1,30
Brunei,1996,11.5,57.7,24.3,6.5,30.8
Brunei,1997,11.2,57.2,24.7,6.8,31.6
Brunei,1998,10.9,56.7,25.2,7.2,32.4
Brunei,1999,10.6,56.3,25.6,7.6,33.2
Brunei,2000,10.3,55.8,25.9,8,33.9
Brunei,2001,10,55.3,26.2,8.4,34.6
Brunei,2002,9.7,54.8,26.6,8.9,35.4
Brunei,2003,9.5,54.3,26.9,9.3,36.3
Brunei,2004,9.2,53.8,27.3,9.8,37.1
Brunei,2005,8.9,53.2,27.6,10.3,37.9
Brunei,2006,8.6,52.7,27.9,10.8,38.7
Brunei,2007,8.4,52.1,28.2,11.3,39.5
Brunei,2008,8.1,51.6,28.4,11.9,40.3
